::::::::::::::
cr001.dap
::::::::::::::
CR-001  
    1.000000   -0.000446
    0.997948    0.000213
    0.993185    0.001294
    0.987535    0.002644
    0.982530    0.003667
    0.963220    0.008110
    0.947639    0.011514
    0.935977    0.014074
    0.922051    0.016922
    0.909638    0.019347
    0.893180    0.022487
    0.873880    0.026131
    0.847115    0.030781
    0.815811    0.035989
    0.774003    0.042455
    0.733164    0.048191
    0.646360    0.058617
    0.565272    0.066149
    0.480398    0.071599
    0.396794    0.074272
    0.358432    0.074433
    0.315725    0.073697
    0.270690    0.071702
    0.234028    0.069130
    0.206129    0.066566
    0.182161    0.063893
    0.144776    0.058568
    0.085850    0.046269
    0.032584    0.027894
    0.001342    0.003742
    0.000313   -0.001791
    0.001434   -0.003844
    0.002804   -0.005059
    0.006838   -0.006832
    0.011439   -0.007790
    0.015655   -0.008363
    0.018127   -0.008581
    0.037328   -0.009701
    0.066802   -0.010242
    0.179248   -0.007076
    0.287775   -0.000765
    0.405348    0.006138
    0.574541    0.012311
    0.738869    0.012918
    0.860006    0.009249
    0.906814    0.006621
    0.961135    0.002358
    0.994347   -0.000210
    1.000000   -0.000446
::::::::::::::
cr001sm.dat
::::::::::::::
CR-001 (smoothed)     
  1.00000 -0.00001
  0.99754  0.00091
  0.99070  0.00289
  0.98037  0.00531
  0.96698  0.00833
  0.95044  0.01199
  0.93064  0.01619
  0.90775  0.02074
  0.88202  0.02558
  0.85370  0.03061
  0.82309  0.03573
  0.79048  0.04085
  0.75616  0.04586
  0.72043  0.05066
  0.68359  0.05518
  0.64594  0.05935
  0.60778  0.06310
  0.56937  0.06639
  0.53099  0.06918
  0.49265  0.07145
  0.45435  0.07317
  0.41638  0.07429
  0.37887  0.07477
  0.34204  0.07456
  0.30609  0.07364
  0.27120  0.07200
  0.23760  0.06968
  0.20549  0.06673
  0.17504  0.06318
  0.14648  0.05904
  0.11999  0.05431
  0.09576  0.04900
  0.07395  0.04314
  0.05468  0.03682
  0.03811  0.03018
  0.02433  0.02336
  0.01338  0.01648
  0.00548  0.00980
  0.00098  0.00373
       0.00000    -0.00008
       0.00098    -0.00330
       0.00548    -0.00651
       0.01338    -0.00827
       0.02433    -0.00929
       0.03811    -0.00989
       0.05468    -0.01015
       0.07395    -0.01007
       0.09576    -0.00965
       0.11999    -0.00891
       0.14648    -0.00788
       0.17504    -0.00656
       0.20549    -0.00499
       0.23760    -0.00323
       0.27120    -0.00133
       0.30609     0.00064
       0.34204     0.00261
       0.37887     0.00453
       0.41638     0.00635
       0.45435     0.00800
       0.49265     0.00948
       0.53099     0.01074
       0.56937     0.01176
       0.60778     0.01250
       0.64594     0.01295
       0.68359     0.01311
       0.72043     0.01296
       0.75616     0.01249
       0.79048     0.01172
       0.82309     0.01068
       0.85370     0.00941
       0.88202     0.00797
       0.90775     0.00643
       0.93064     0.00490
       0.95044     0.00348
       0.96698     0.00226
       0.98037     0.00129
       0.99070     0.00058
       0.99754     0.00014
       1.00000    -0.00002
::::::::::::::
davis3r.dap
::::::::::::::
Davis 3R
    1.000000    0.005785
    0.999809    0.006785
    0.995058    0.008631
    0.992538    0.009101
    0.988613    0.010221
    0.982636    0.011451
    0.976239    0.012910
    0.970295    0.014470
    0.964291    0.015801
    0.952278    0.018465
    0.940442    0.020832
    0.925872    0.023988
    0.899733    0.029774
    0.852820    0.039448
    0.823800    0.045204
    0.790012    0.051563
    0.725211    0.062724
    0.653206    0.072528
    0.602136    0.077850
    0.539026    0.082640
    0.475246    0.085805
    0.417304    0.086802
    0.356233    0.085852
    0.312764    0.083455
    0.265549    0.079676
    0.233806    0.075990
    0.198713    0.071029
    0.171902    0.066258
    0.145879    0.060626
    0.129209    0.056377
    0.110739    0.051157
    0.095545    0.046586
    0.081606    0.042189
    0.068056    0.037722
    0.059043    0.034724
    0.049560    0.031493
    0.037695    0.027172
    0.028289    0.023263
    0.020671    0.019555
    0.014011    0.015734
    0.008385    0.010700
    0.007544    0.009736
    0.000000    0.000000
    0.003139   -0.006168
    0.005519   -0.008183
    0.009244   -0.009023
    0.014671   -0.009320
    0.019647   -0.009048
    0.024937   -0.008515
    0.034916   -0.007143
    0.046289   -0.005338
    0.061357   -0.003060
    0.077258   -0.000678
    0.089780    0.001033
    0.101680    0.002670
    0.139214    0.007698
    0.160574    0.010269
    0.187109    0.013193
    0.214907    0.016068
    0.248832    0.019348
    0.310122    0.024841
    0.374573    0.028867
    0.437609    0.031146
    0.499453    0.031703
    0.563339    0.031234
    0.626411    0.029063
    0.688221    0.025623
    0.748250    0.021370
    0.811737    0.015567
    0.845750    0.012018
    0.879311    0.008232
    0.911081    0.004369
    0.926299    0.002211
    0.939015    0.000834
    0.954065   -0.001138
    0.967519   -0.002967
    0.978936   -0.004576
    0.985329   -0.005326
    0.990752   -0.006060
    0.995252   -0.006725
    0.999269   -0.006786
    1.000000   -0.005735
::::::::::::::
davis3rsm.dat
::::::::::::::
Davis 3R (smoothed)
  1.00000  0.00588
  0.99754  0.00719
  0.99070  0.01009
  0.98037  0.01307
  0.96698  0.01585
  0.95044  0.01919
  0.93064  0.02337
  0.90775  0.02831
  0.88202  0.03384
  0.85370  0.03980
  0.82309  0.04598
  0.79048  0.05217
  0.75616  0.05819
  0.72043  0.06387
  0.68359  0.06908
  0.64594  0.07373
  0.60778  0.07774
  0.56937  0.08107
  0.53099  0.08369
  0.49265  0.08559
  0.45435  0.08675
  0.41638  0.08712
  0.37887  0.08671
  0.34204  0.08547
  0.30609  0.08342
  0.27120  0.08053
  0.23760  0.07682
  0.20549  0.07230
  0.17504  0.06696
  0.14648  0.06085
  0.11999  0.05408
  0.09576  0.04697
  0.07395  0.04001
  0.05468  0.03359
  0.03811  0.02757
  0.02433  0.02159
  0.01338  0.01552
  0.00548  0.00957
  0.00098  0.00384
       0.00000    -0.00003
       0.00098    -0.00354
       0.00548    -0.00727
       0.01338    -0.00901
       0.02433    -0.00845
       0.03811    -0.00648
       0.05468    -0.00385
       0.07395    -0.00091
       0.09576     0.00220
       0.11999     0.00545
       0.14648     0.00879
       0.17504     0.01218
       0.20549     0.01557
       0.23760     0.01884
       0.27120     0.02191
       0.30609     0.02468
       0.34204     0.02707
       0.37887     0.02901
       0.41638     0.03047
       0.45435     0.03140
       0.49265     0.03181
       0.53099     0.03168
       0.56937     0.03104
       0.60778     0.02987
       0.64594     0.02822
       0.68359     0.02613
       0.72043     0.02364
       0.75616     0.02082
       0.79048     0.01776
       0.82309     0.01453
       0.85370     0.01124
       0.88202     0.00798
       0.90775     0.00486
       0.93064     0.00191
       0.95044    -0.00086
       0.96698    -0.00339
       0.98037    -0.00530
       0.99070    -0.00620
       0.99754    -0.00612
       1.00000    -0.00590
::::::::::::::
du86.dap
::::::::::::::
DU 86-084/18 
    1.000000   -0.000200
    0.999770    0.001169
    0.997170    0.001791
    0.993249    0.002182
    0.990547    0.002401
    0.985599    0.002726
    0.975045    0.003300
    0.962697    0.003815
    0.950621    0.004270
    0.931350    0.005327
    0.908992    0.007071
    0.868530    0.011091
    0.826838    0.017346
    0.742943    0.034014
    0.658409    0.045009
    0.576827    0.051744
    0.487586    0.056076
    0.410357    0.057386
    0.368194    0.057416
    0.324704    0.056821
    0.284816    0.055577
    0.245941    0.053669
    0.219458    0.051949
    0.198690    0.050384
    0.180029    0.048731
    0.158931    0.046534
    0.146900    0.045119
    0.089567    0.036397
    0.054993    0.028361
    0.024417    0.017449
    0.002080    0.003587
    0.001169   -0.002667
    0.001655   -0.003175
    0.002881   -0.005097
    0.004424   -0.006547
    0.011671   -0.010387
    0.018117   -0.012648
    0.024517   -0.014298
    0.030438   -0.015577
    0.037485   -0.016909
    0.047298   -0.018549
    0.056640   -0.019922
    0.066661   -0.021189
    0.076064   -0.022202
    0.094157   -0.023816
    0.119753   -0.025607
    0.153433   -0.027266
    0.186293   -0.028260
    0.225488   -0.028777
    0.286537   -0.028818
    0.368691   -0.027676
    0.455252   -0.025711
    0.542377   -0.024094
    0.621634   -0.022723
    0.704390   -0.020969
    0.790553   -0.017533
    0.831787   -0.014148
    0.872948   -0.009174
    0.911993   -0.004646
    0.923991   -0.003546
    0.934229   -0.002815
    0.946235   -0.002132
    0.954274   -0.001715
    0.965443   -0.001508
    0.979345   -0.001504
    0.988031   -0.001547
    0.993168   -0.001554
    0.995654   -0.001490
    0.999874   -0.001169
    1.000000   -0.000200
::::::::::::::
du86.dat
::::::::::::::
DU 86-084/18 
  1.00000  0.00000
  0.99882  0.00014
  0.99537  0.00058
  0.98990  0.00119 
  0.98235  0.00178
  0.97260  0.00240
  0.96064  0.00315
  0.94653  0.00408
  0.93035  0.00530
  0.91222  0.00684
  0.89230  0.00877
  0.87068  0.01098
  0.84721  0.01342
  0.82178  0.01677
  0.79567  0.02203
  0.77033  0.02796
  0.74534  0.03265
  0.71959  0.03627
  0.69280  0.03929
  0.66515  0.04192
  0.63676  0.04423
  0.60777  0.04626
  0.57829  0.04801
  0.54846  0.04950
  0.51838  0.05075
  0.48819  0.05175
  0.45800  0.05250
  0.42794  0.05301
  0.39813  0.05328
  0.36869  0.05329
  0.33973  0.05306
  0.31136  0.05257
  0.28370  0.05183
  0.25684  0.05085
  0.23089  0.04962
  0.20596  0.04815
  0.18213  0.04645
  0.15951  0.04452
  0.13818  0.04235
  0.11822  0.03995
  0.09968  0.03730
  0.08261  0.03442
  0.06707  0.03133
  0.05308  0.02804
  0.04069  0.02459
  0.02993  0.02100
  0.02081  0.01729
  0.01335  0.01353
  0.00755  0.00971
  0.00334  0.00595
  0.00075  0.00252
  0.00003  -.00047
  0.00157  -.00310
  0.00525  -.00577
  0.01083  -.00852
  0.01833  -.01117
  0.02763  -.01377
  0.03871  -.01624
  0.05154  -.01857
  0.06607  -.02073
  0.08226  -.02270
  0.10006  -.02447
  0.11942  -.02604
  0.14028  -.02740
  0.16256  -.02855
  0.18619  -.02950
  0.21109  -.03024
  0.23716  -.03080
  0.26431  -.03117
  0.29244  -.03138
  0.32144  -.03144
  0.35118  -.03136
  0.38154  -.03115
  0.41241  -.03082
  0.44366  -.03038
  0.47514  -.02986
  0.50673  -.02926
  0.53829  -.02860
  0.56967  -.02786
  0.60072  -.02706
  0.63131  -.02620
  0.66131  -.02526
  0.69058  -.02422
  0.71897  -.02309
  0.74639  -.02181
  0.77270  -.02039
  0.79780  -.01873
  0.82155  -.01672
  0.84412  -.01415
  0.86587  -.01104
  0.88688  -.00800
  0.90687  -.00539
  0.92550  -.00332
  0.94247  -.00179
  0.95751  -.00081
  0.97041  -.00029
  0.98104  -.00002
  0.98934  0.00004
  0.99528  0.00003
  0.99879  0.00001
  1.00000  0.00000
::::::::::::::
e374.dat
::::::::::::::
E374
  1.00000  0.00000
  0.99640  0.00045
  0.98610  0.00204
  0.97000  0.00485
  0.94864  0.00846
  0.92214  0.01264
  0.89078  0.01747
  0.85508  0.02297
  0.81560  0.02905
  0.77293  0.03560
  0.72769  0.04246
  0.68053  0.04944
  0.63210  0.05629
  0.58309  0.06269
  0.53398  0.06821
  0.48511  0.07252
  0.43682  0.07544
  0.38939  0.07685
  0.34312  0.07670
  0.29824  0.07507
  0.25510  0.07217
  0.21415  0.06817
  0.17583  0.06319
  0.14053  0.05734
  0.10860  0.05073
  0.08036  0.04351
  0.05605  0.03581
  0.03589  0.02781
  0.02004  0.01973
  0.00862  0.01186
  0.00178  0.00459
  0.00014 -0.00121
  0.00437 -0.00622
  0.01427 -0.01130
  0.02935 -0.01600
  0.04949 -0.02015
  0.07454 -0.02369
  0.10428 -0.02660
  0.13845 -0.02890
  0.17669 -0.03060
  0.21861 -0.03175
  0.26374 -0.03238
  0.31158 -0.03255
  0.36159 -0.03228
  0.41320 -0.03163
  0.46580 -0.03064
  0.51877 -0.02931
  0.57150 -0.02767
  0.62336 -0.02569
  0.67382 -0.02333
  0.72243 -0.02059
  0.76873 -0.01760
  0.81228 -0.01450
  0.85254 -0.01153
  0.88892 -0.00882
  0.92085 -0.00643
  0.94783 -0.00432
  0.96958 -0.00241
  0.98594 -0.00091
  0.99637 -0.00016
  1.00000  0.00000
::::::::::::::
e374b.dap
::::::::::::::
E374 (B)     
  1.00000 -0.00002
  0.99931  0.00133
  0.99547  0.00193
  0.99075  0.00259
  0.98553  0.00323
  0.97942  0.00403
  0.97449  0.00478
  0.96606  0.00620
  0.95897  0.00737
  0.95051  0.00873
  0.94089  0.01035
  0.92731  0.01261
  0.91006  0.01542
  0.88922  0.01879
  0.87081  0.02175
  0.84125  0.02638
  0.80842  0.03160
  0.76422  0.03834
  0.72768  0.04383
  0.66531  0.05294
  0.60199  0.06157
  0.54234  0.06862
  0.41405  0.07751
  0.34811  0.07769
  0.28951  0.07547
  0.22319  0.07015
  0.17954  0.06464
  0.14136  0.05815
  0.11425  0.05246
  0.09448  0.04762
  0.08072  0.04382
  0.06739  0.03970
  0.05486  0.03534
  0.04468  0.03137
  0.03449  0.02693
  0.02480  0.02219
  0.01653  0.01759
  0.00821  0.01213
  0.00459  0.00912
  0.00059  0.00354
  0.00003  0.00062
  0.00177 -0.00446
  0.00544 -0.00769
  0.00958 -0.01000
  0.01319 -0.01157
  0.02096 -0.01420
  0.03009 -0.01668
  0.03948 -0.01882
  0.05464 -0.02171
  0.06817 -0.02379
  0.08950 -0.02626
  0.10662 -0.02784
  0.13833 -0.02995
  0.16421 -0.03111
  0.19316 -0.03200
  0.23635 -0.03279
  0.29760 -0.03315
  0.35915 -0.03278
  0.42077 -0.03187
  0.48279 -0.03053
  0.54271 -0.02895
  0.60527 -0.02673
  0.66857 -0.02379
  0.73107 -0.02022
  0.77240 -0.01746
  0.81508 -0.01434
  0.85142 -0.01141
  0.87900 -0.00911
  0.89676 -0.00765
  0.91943 -0.00589
  0.93686 -0.00452
  0.95206 -0.00329
  0.96402 -0.00250
  0.97295 -0.00191
  0.98200 -0.00151
  0.99124 -0.00145
  0.99865 -0.00133
  1.00000 -0.00002
::::::::::::::
e423.dap
::::::::::::::
E423         
    1.000000   -0.000435
    0.999478    0.000413
    0.994416    0.004514
    0.989592    0.008026
    0.982873    0.012499
    0.977805    0.015472
    0.971574    0.018832
    0.964010    0.022628
    0.946408    0.030385
    0.925472    0.038893
    0.903995    0.046780
    0.889156    0.051933
    0.864465    0.059980
    0.844391    0.066325
    0.824559    0.072503
    0.808712    0.077289
    0.793997    0.081571
    0.765038    0.089996
    0.746631    0.095154
    0.725061    0.100995
    0.705563    0.106000
    0.668808    0.114928
    0.616304    0.126521
    0.581573    0.133597
    0.542194    0.140657
    0.488812    0.148805
    0.440254    0.153558
    0.392367    0.155174
    0.340940    0.154390
    0.291427    0.149676
    0.237227    0.140567
    0.194842    0.130851
    0.165468    0.122234
    0.152887    0.118092
    0.140663    0.113601
    0.128315    0.108735
    0.112120    0.101590
    0.099392    0.095424
    0.085623    0.088153
    0.073794    0.081384
    0.057767    0.071079
    0.048219    0.064230
    0.037934    0.055991
    0.027861    0.046943
    0.018508    0.037492
    0.009928    0.026737
    0.006094    0.020479
    0.001744    0.010201
    0.000802    0.006394
    0.000224    0.003337
    0.000499   -0.005729
    0.001134   -0.007798
    0.002890   -0.010468
    0.009512   -0.015100
    0.020372   -0.017412
    0.032840   -0.018381
    0.044208   -0.018527
    0.067176   -0.017364
    0.088364   -0.014932
    0.109450   -0.011872
    0.131369   -0.008272
    0.154981   -0.003899
    0.188713    0.002722
    0.223051    0.009490
    0.257033    0.015980
    0.290515    0.021483
    0.319404    0.026107
    0.347592    0.030320
    0.386022    0.034988
    0.425394    0.037979
    0.463383    0.040611
    0.510365    0.042477
    0.550690    0.042616
    0.593473    0.042811
    0.635588    0.042284
    0.680055    0.040514
    0.717931    0.038226
    0.745321    0.036383
    0.775246    0.033767
    0.823316    0.028552
    0.847180    0.025143
    0.862154    0.023251
    0.873042    0.021766
    0.885307    0.019785
    0.893289    0.018207
    0.905018    0.016075
    0.915241    0.014243
    0.922488    0.012928
    0.932200    0.011145
    0.945248    0.008808
    0.954335    0.007235
    0.965721    0.005320
    0.975445    0.003691
    0.981682    0.002593
    0.990051    0.000953
    0.999961   -0.000412
    1.000000   -0.000435
::::::::::::::
e423.dat
::::::::::::::
E423         
  1.00000  0.00000
  0.99655  0.00159
  0.98706  0.00650
  0.97304  0.01434
  0.95530  0.02381
  0.93358  0.03376
  0.90734  0.04400
  0.87671  0.05481
  0.84221  0.06620
  0.80436  0.07803
  0.76373  0.09010
  0.72090  0.10215
  0.67644  0.11391
  0.63092  0.12506
  0.58491  0.13524
  0.53893  0.14410
  0.49347  0.15116
  0.44870  0.15593
  0.40464  0.15828
  0.36149  0.15824
  0.31947  0.15590
  0.27885  0.15138
  0.23987  0.14485
  0.20286  0.13657
  0.16816  0.12676
  0.13611  0.11562
  0.10700  0.10337
  0.08106  0.09023
  0.05852  0.07646
  0.03953  0.06232
  0.02421  0.04812
  0.01262  0.03419
  0.00481  0.02093
  0.00071  0.00879
  0.00002  0.00088
  0.00033 -0.00192
  0.00071 -0.00362
  0.00125 -0.00518
  0.00157 -0.00590
  0.00194 -0.00656
  0.00237 -0.00717
  0.00288 -0.00771
  0.00348 -0.00823
  0.00415 -0.00874
  0.00571 -0.00969
  0.00751 -0.01057
  0.01065 -0.01177
  0.01365 -0.01266
  0.02892 -0.01485
  0.04947 -0.01482
  0.07533 -0.01236
  0.10670 -0.00740
  0.14385 -0.00002
  0.18727  0.00922
  0.23688  0.01913
  0.29196  0.02865
  0.35163  0.03687
  0.41449  0.04283
  0.47867  0.04626
  0.54275  0.04760
  0.60579  0.04715
  0.66690  0.04501
  0.72503  0.04126
  0.77912  0.03625
  0.82836  0.03050
  0.87219  0.02444
  0.91012  0.01844
  0.94179  0.01286
  0.96692  0.00794
  0.98519  0.00390
  0.99629  0.00106
  1.00000  0.00000
::::::::::::::
ld79.dap
::::::::::::::
LD-79        
    0.999990   -0.001788
    0.999738    0.005958
    0.990762    0.007522
    0.982560    0.008315
    0.970698    0.009206
    0.956981    0.010595
    0.934623    0.011760
    0.912851    0.012945
    0.891121    0.014913
    0.859853    0.017280
    0.828912    0.019339
    0.795019    0.021231
    0.734718    0.029357
    0.671706    0.035935
    0.610025    0.042338
    0.549835    0.048167
    0.487828    0.054068
    0.426786    0.059224
    0.364614    0.063249
    0.305822    0.066133
    0.243014    0.067264
    0.204317    0.066092
    0.177199    0.064008
    0.150103    0.060819
    0.130767    0.057767
    0.115933    0.054982
    0.097243    0.050593
    0.087542    0.047733
    0.079461    0.044990
    0.070128    0.041299
    0.060877    0.036836
    0.053501    0.032336
    0.050241    0.027607
    0.045659    0.024192
    0.036674    0.020304
    0.028145    0.016521
    0.019863    0.012683
    0.013504    0.009674
    0.000000    0.000000
    0.005903    0.000076
    0.012153    0.002549
    0.021631    0.006219
    0.028836    0.009015
    0.035830    0.011760
    0.044908    0.015201
    0.058119    0.018806
    0.072921    0.018639
    0.089249    0.018290
    0.104388    0.018041
    0.123846    0.017672
    0.147468    0.017181
    0.172606    0.016599
    0.199768    0.015970
    0.228785    0.015255
    0.262804    0.014524
    0.324836    0.012802
    0.395616    0.011082
    0.453137    0.009586
    0.581333    0.006410
    0.640113    0.004878
    0.702171    0.003373
    0.748919    0.002062
    0.771956    0.001844
    0.806504    0.001431
    0.838562    0.000871
    0.871906    0.000160
    0.886042   -0.000296
    0.898843   -0.000558
    0.914495   -0.001236
    0.929186   -0.001496
    0.940917   -0.002184
    0.949793   -0.002706
    0.957213   -0.003428
    0.964309   -0.003947
    0.972070   -0.004478
    0.978310   -0.004980
    0.988662   -0.005662
    1.000256   -0.005958
    0.999990   -0.001788
::::::::::::::
m06.dat
::::::::::::::
M06-13-128   
  1.00000  0.00000
  0.99896  0.00015
  0.99152  0.00088
  0.97756  0.00198
  0.95718  0.00370
  0.93068  0.00631
  0.89849  0.01002
  0.86112  0.01499
  0.81923  0.02139
  0.77354  0.02930
  0.72493  0.03878
  0.67434  0.04980
  0.62288  0.06225
  0.57180  0.07584
  0.52265  0.09002
  0.47756  0.10309
  0.43510  0.11094
  0.39263  0.11489
  0.35032  0.11617
  0.30873  0.11531
  0.26838  0.11256
  0.22975  0.10814
  0.19328  0.10220
  0.15942  0.09487
  0.12857  0.08605
  0.10057  0.07583
  0.07558  0.06460
  0.05382  0.05305
  0.03551  0.04122
  0.02083  0.02960
  0.00994  0.01862
  0.00296  0.00878
  0.00098  0.00452
  0.00005  0.00087
  0.00030 -0.00183
  0.00233 -0.00372
  0.01203 -0.00669
  0.02803 -0.00901
  0.04987 -0.01077
  0.07718 -0.01203
  0.10959 -0.01287
  0.14667 -0.01333
  0.18796 -0.01349
  0.23296 -0.01339
  0.28111 -0.01308
  0.33185 -0.01260
  0.38456 -0.01200
  0.43862 -0.01129
  0.49338 -0.01053
  0.54820 -0.00972
  0.60242 -0.00890
  0.65541 -0.00809
  0.70652 -0.00729
  0.75516 -0.00652
  0.80073 -0.00577
  0.84269 -0.00506
  0.88053 -0.00437
  0.91379 -0.00370
  0.94205 -0.00302
  0.96496 -0.00228
  0.98232 -0.00147
  0.99393 -0.00073
  0.99942 -0.00014
  1.00000  0.00000
::::::::::::::
m06b.dap
::::::::::::::
M06-13-128 (B)
  1.00000  0.00013
  0.99991  0.00090
  0.99740  0.00124
  0.99257  0.00149
  0.98566  0.00162
  0.97902  0.00196
  0.96956  0.00242
  0.96139  0.00305
  0.95256  0.00383
  0.94342  0.00472
  0.93006  0.00616
  0.91687  0.00765
  0.90392  0.00925
  0.88712  0.01146
  0.86530  0.01451
  0.84546  0.01744
  0.81718  0.02197
  0.78112  0.02819
  0.74243  0.03529
  0.69893  0.04428
  0.64065  0.05777
  0.58100  0.07280
  0.51924  0.09047
  0.46121  0.10537
  0.39966  0.11277
  0.32971  0.11417
  0.26768  0.11073
  0.20710  0.10258
  0.17032  0.09508
  0.14567  0.08875
  0.12535  0.08252
  0.10647  0.07575
  0.08239  0.06552
  0.06396  0.05623
  0.05228  0.04960
  0.03982  0.04178
  0.03050  0.03527
  0.02092  0.02762
  0.01126  0.01820
  0.00491  0.01044
  0.00032  0.00263
  0.00347 -0.00885
  0.00859 -0.01029
  0.01784 -0.01219
  0.03226 -0.01399
  0.05462 -0.01559
  0.08276 -0.01664
  0.11168 -0.01712
  0.16316 -0.01750
  0.22105 -0.01733
  0.27285 -0.01695
  0.33585 -0.01621
  0.39924 -0.01526
  0.46002 -0.01418
  0.52606 -0.01287
  0.58351 -0.01167
  0.64698 -0.01036
  0.70823 -0.00913
  0.74706 -0.00844
  0.78928 -0.00765
  0.82743 -0.00701
  0.85713 -0.00651
  0.89265 -0.00579
  0.91175 -0.00536
  0.93322 -0.00478
  0.94441 -0.00440
  0.95421 -0.00399
  0.96515 -0.00344
  0.97685 -0.00279
  0.98503 -0.00227
  0.99239 -0.00166
  0.99927 -0.00090
  1.00000  0.00013
::::::::::::::
m665.dap
::::::::::::::
M6 (65%)     
    0.999997    0.001900
    0.999816    0.000843
    0.996633    0.001654
    0.992800    0.002254
    0.988554    0.002733
    0.982122    0.003379
    0.977145    0.003893
    0.968778    0.004751
    0.955452    0.006017
    0.946110    0.006826
    0.926318    0.008591
    0.903652    0.010669
    0.861538    0.014454
    0.819979    0.018231
    0.738304    0.025830
    0.653161    0.033931
    0.570532    0.041217
    0.487805    0.047398
    0.403058    0.051747
    0.361930    0.052923
    0.316479    0.053719
    0.283507    0.053781
    0.240813    0.052989
    0.224268    0.052275
    0.197389    0.050620
    0.178117    0.049070
    0.157510    0.047048
    0.144989    0.045649
    0.130116    0.043818
    0.115018    0.041732
    0.102580    0.039779
    0.086819    0.037032
    0.072087    0.034173
    0.060381    0.031636
    0.050470    0.029244
    0.037471    0.025749
    0.029789    0.023338
    0.026070    0.022053
    0.020716    0.019918
    0.017040    0.018219
    0.012182    0.015475
    0.009036    0.013239
    0.005916    0.010711
    0.003227    0.007870
    0.000612    0.003150
    0.000186    0.001730
    0.002039   -0.005796
    0.003558   -0.007424
    0.006273   -0.009531
    0.010385   -0.011555
    0.015541   -0.013275
    0.022608   -0.014916
    0.026862   -0.015620
    0.035690   -0.016733
    0.044308   -0.017599
    0.054166   -0.018504
    0.066890   -0.019557
    0.088612   -0.021000
    0.118187   -0.022607
    0.146663   -0.023835
    0.180318   -0.024493
    0.223362   -0.024978
    0.285786   -0.025766
    0.367465   -0.026532
    0.452730   -0.026922
    0.537835   -0.026865
    0.618834   -0.026289
    0.702353   -0.024436
    0.788147   -0.019962
    0.827823   -0.017049
    0.869686   -0.013490
    0.910002   -0.009854
    0.932430   -0.007778
    0.945538   -0.006664
    0.953066   -0.005954
    0.963029   -0.005025
    0.973649   -0.004016
    0.984733   -0.002913
    0.989366   -0.002371
    0.993803   -0.001757
    0.999112   -0.000845
    0.999997    0.001900
::::::::::::::
m665.dat
::::::::::::::
M6 (65%)     
1       0
0.95    0.0052
0.9     0.010075
0.8     0.01989
0.7     0.02977
0.6     0.039195
0.5     0.04719
0.4     0.052325
0.3     0.05343
0.25    0.052065
0.2     0.049075
0.15    0.04433
0.1     0.037115
0.075   0.03211
0.05    0.026195
0.025   0.018265
0.0125  0.012805
0.01    0.01144
0.006   0.008905
0.004   0.007345
0.002   0.004875
0       0
0.0025  -0.006175
0.005   -0.007995
0.0075  -0.00962
0.01    -0.01053
0.0125  -0.01144
0.025   -0.0143
0.05    -0.017745
0.075   -0.019695
0.1     -0.02106
0.15    -0.022555
0.2     -0.02353
0.25    -0.024115
0.3     -0.024635
0.4     -0.02535
0.5     -0.02561
0.6     -0.02483
0.7     -0.02262
0.8     -0.018395
0.9     -0.011505
0.95    -0.00702
1       0
::::::::::::::
m685.dap
::::::::::::::
M6 (85%)     
    1.000000   -0.000449
    0.999229    0.001403
    0.996257    0.002284
    0.992066    0.003127
    0.987898    0.003874
    0.982659    0.004699
    0.974791    0.005970
    0.965485    0.007335
    0.955202    0.008815
    0.942709    0.010556
    0.921175    0.013429
    0.891469    0.017338
    0.854304    0.022313
    0.809784    0.028188
    0.725421    0.039149
    0.639458    0.049382
    0.560502    0.057612
    0.473130    0.064273
    0.431309    0.066625
    0.393075    0.068061
    0.351707    0.069041
    0.310253    0.069202
    0.270685    0.068155
    0.227732    0.065435
    0.202847    0.063229
    0.186253    0.061441
    0.166651    0.058898
    0.147263    0.056001
    0.135163    0.053958
    0.118609    0.050843
    0.105921    0.048141
    0.093502    0.045238
    0.077089    0.040954
    0.062633    0.036754
    0.053038    0.033658
    0.044276    0.030613
    0.037760    0.028209
    0.031835    0.025896
    0.026369    0.023623
    0.021572    0.021420
    0.016740    0.018871
    0.011350    0.015348
    0.007767    0.012488
    0.005039    0.009746
    0.003057    0.007201
    0.001500    0.005035
    0.002209   -0.006225
    0.006497   -0.009631
    0.011873   -0.012063
    0.016087   -0.013497
    0.024238   -0.015632
    0.029742   -0.016784
    0.036154   -0.017898
    0.054383   -0.020355
    0.074920   -0.022290
    0.105945   -0.024329
    0.134805   -0.025628
    0.162432   -0.026403
    0.201240   -0.027087
    0.245169   -0.027733
    0.287296   -0.028329
    0.327132   -0.028719
    0.408163   -0.029243
    0.491403   -0.029143
    0.577739   -0.028182
    0.660085   -0.026761
    0.743293   -0.023823
    0.828777   -0.018621
    0.869287   -0.015492
    0.906857   -0.012248
    0.933145   -0.009696
    0.951371   -0.007688
    0.961413   -0.006594
    0.971983   -0.005330
    0.983452   -0.003931
    0.989296   -0.003124
    0.993940   -0.002392
    0.999276   -0.001402
    1.000000   -0.000449
::::::::::::::
m685.dat
::::::::::::::
M6 (85%)     
1       0
0.95    0.0068
0.9     0.013175
0.8     0.02601
0.7     0.03893
0.6     0.051255
0.5     0.06171
0.4     0.068425
0.3     0.06987
0.25    0.068085
0.2     0.064175
0.15    0.05797
0.1     0.048535
0.075   0.04199
0.05    0.034255
0.025   0.023885
0.0125  0.016745
0.01    0.01496
0.006   0.011645
0.004   0.009605
0.002   0.006375
0       0
0.0025  -0.008075
0.005   -0.010455
0.0075  -0.01258
0.01    -0.01377
0.0125  -0.01496
0.025   -0.0187
0.05    -0.023205
0.075   -0.025755
0.1     -0.02754
0.15    -0.029495
0.2     -0.03077
0.25    -0.031535
0.3     -0.032215
0.4     -0.03315
0.5     -0.03349
0.6     -0.03247
0.7     -0.02958
0.8     -0.024055
0.9     -0.015045
0.95    -0.00918
1       0::::::::::::::
ma409.dap
::::::::::::::
MA409        
  1.00000 -0.00018
  0.99720  0.00043
  0.99175  0.00133
  0.98504  0.00240
  0.97808  0.00336
  0.97095  0.00424
  0.96274  0.00536
  0.95052  0.00716
  0.94205  0.00843
  0.92669  0.01072
  0.91083  0.01322
  0.89909  0.01491
  0.86881  0.01946
  0.84319  0.02298
  0.81288  0.02684
  0.77221  0.03143
  0.72759  0.03588
  0.67018  0.04107
  0.61345  0.04551
  0.55514  0.04947
  0.49831  0.05310
  0.44066  0.05540
  0.38248  0.05684
  0.33651  0.05671
  0.29551  0.05636
  0.25040  0.05530
  0.21036  0.05254
  0.17822  0.04967
  0.14297  0.04628
  0.11363  0.04257
  0.09503  0.03950
  0.08197  0.03694
  0.06768  0.03368
  0.05445  0.03018
  0.04538  0.02745
  0.03432  0.02377
  0.02440  0.01984
  0.01444  0.01477
  0.00787  0.01033
  0.00213  0.00509
  0.00043  0.00228
  0.00055 -0.00262
  0.00328 -0.00600
  0.00830 -0.00907
  0.01423 -0.01167
  0.01996 -0.01369
  0.02550 -0.01504
  0.03360 -0.01635
  0.04220 -0.01731
  0.05421 -0.01795
  0.06552 -0.01827
  0.08973 -0.01834
  0.10067 -0.01821
  0.11201 -0.01798
  0.13732 -0.01725
  0.16378 -0.01619
  0.19399 -0.01505
  0.23873 -0.01281
  0.28061 -0.01034
  0.33952 -0.00702
  0.39707 -0.00433
  0.45727 -0.00184
  0.51627 -0.00082
  0.57355 -0.00006
  0.62624  0.00021
  0.67937  0.00048
  0.72125  0.00013
  0.76715 -0.00014
  0.81282 -0.00015
  0.84246 -0.00012
  0.87766 -0.00015
  0.91173 -0.00071
  0.92537 -0.00084
  0.94213 -0.00111
  0.95522 -0.00122
  0.96880 -0.00129
  0.97824 -0.00111
  0.98517 -0.00084
  0.99321 -0.00043
  1.00000 -0.00018
::::::::::::::
ma409.dat
::::::::::::::
MA409        
  1.00000  0.00070
  0.95000  0.01246
  0.90000  0.02308
  0.80000  0.04015
  0.70000  0.05236
  0.65000  0.06154
  0.55000  0.06543
  0.50000  0.06945
  0.45000  0.07186
  0.40000  0.07391
  0.35000  0.07434
  0.30000  0.07398
  0.25000  0.07302
  0.20000  0.06925
  0.15000  0.06421
  0.10000  0.05673
  0.07500  0.05132
  0.05000  0.04479
  0.02500  0.03500
  0.01250  0.02831
  0.00000  0.01749
  0.01250  0.00878
  0.02500  0.00437
  0.05000  0.00082
  0.07500  0.00022
  0.10000  0.00000
  0.15000  0.00122
  0.20000  0.00280
  0.25000  0.00514
  0.30000  0.00789
  0.35000  0.01031
  0.40000  0.01229
  0.45000  0.01424
  0.50000  0.01499
  0.55000  0.01525
  0.60000  0.01536
  0.70000  0.01384
  0.80000  0.01107
  0.90000  0.00704
  0.95000  0.00355
  1.00000  0.00000
::::::::::::::
ma409sm.dat
::::::::::::::
MA409 (smoothed)
  1.00000  0.00034
  0.99754  0.00094
  0.99070  0.00259
  0.98037  0.00498
  0.96698  0.00793
  0.95044  0.01136
  0.93064  0.01521
  0.90775  0.01937
  0.88202  0.02373
  0.85370  0.02817
  0.82309  0.03261
  0.79048  0.03694
  0.75616  0.04112
  0.72043  0.04505
  0.68359  0.04869
  0.64594  0.05198
  0.60778  0.05486
  0.56937  0.05732
  0.53099  0.05933
  0.49265  0.06089
  0.45435  0.06202
  0.41638  0.06270
  0.37887  0.06291
  0.34204  0.06260
  0.30609  0.06172
  0.27120  0.06025
  0.23760  0.05819
  0.20549  0.05555
  0.17504  0.05234
  0.14648  0.04859
  0.11999  0.04433
  0.09576  0.03961
  0.07395  0.03450
  0.05468  0.02913
  0.03811  0.02369
  0.02433  0.01831
  0.01338  0.01305
  0.00548  0.00797
  0.00098  0.00318
  0.00000 -0.00004
  0.00098 -0.00302
  0.00548 -0.00664
  0.01338 -0.00968
  0.02433 -0.01213
  0.03811 -0.01400
  0.05468 -0.01527
  0.07395 -0.01590
  0.09576 -0.01589
  0.11999 -0.01527
  0.14648 -0.01416
  0.17504 -0.01264
  0.20549 -0.01081
  0.23760 -0.00875
  0.27120 -0.00653
  0.30609 -0.00421
  0.34204 -0.00186
  0.37887  0.00039
  0.41638  0.00245
  0.45435  0.00422
  0.49265  0.00565
  0.53099  0.00674
  0.56937  0.00754
  0.60778  0.00808
  0.64594  0.00837
  0.68359  0.00844
  0.72043  0.00830
  0.75616  0.00798
  0.79048  0.00749
  0.82309  0.00687
  0.85370  0.00613
  0.88202  0.00529
  0.90775  0.00439
  0.93064  0.00347
  0.95044  0.00256
  0.96698  0.00170
  0.98037  0.00093
  0.99070  0.00028
  0.99754 -0.00018
  1.00000 -0.00036
::::::::::::::
mh32.dap
::::::::::::::
MH32         
    1.000000    0.000115
    0.997161    0.001354
    0.993596    0.001968
    0.989248    0.002399
    0.984223    0.003370
    0.977482    0.004362
    0.970289    0.005570
    0.960042    0.006861
    0.948098    0.008856
    0.933300    0.011229
    0.918654    0.013436
    0.904911    0.015625
    0.890566    0.018181
    0.860474    0.022974
    0.827574    0.027923
    0.793327    0.032965
    0.732559    0.041068
    0.669722    0.048722
    0.605162    0.055379
    0.544988    0.060424
    0.481526    0.064423
    0.421039    0.066680
    0.358840    0.067656
    0.298009    0.067184
    0.236277    0.064828
    0.201079    0.062409
    0.173114    0.059506
    0.147003    0.056181
    0.128766    0.053299
    0.110364    0.049877
    0.095633    0.046732
    0.083664    0.043822
    0.071885    0.040702
    0.060300    0.037221
    0.049910    0.033738
    0.041266    0.030483
    0.035754    0.028201
    0.027560    0.024658
    0.020230    0.020809
    0.014845    0.017560
    0.008462    0.012249
    0.004690    0.007931
    0.003119    0.006058
    0.001338   -0.003917
    0.009228   -0.010302
    0.016445   -0.012359
    0.021570   -0.013637
    0.027741   -0.014923
    0.037273   -0.016565
    0.045940   -0.017778
    0.055888   -0.018766
    0.067312   -0.019902
    0.077993   -0.020651
    0.088395   -0.021313
    0.104406   -0.022222
    0.118715   -0.022877
    0.138211   -0.023549
    0.157599   -0.024016
    0.182090   -0.024279
    0.209659   -0.024180
    0.246583   -0.023633
    0.304056   -0.022113
    0.369151   -0.019995
    0.432945   -0.017222
    0.495858   -0.014280
    0.559458   -0.011061
    0.619171   -0.008188
    0.684394   -0.005865
    0.748655   -0.003883
    0.809495   -0.002534
    0.844039   -0.001955
    0.875249   -0.001400
    0.906255   -0.000798
    0.921803   -0.000839
    0.935659   -0.000914
    0.951663   -0.000826
    0.965069   -0.000902
    0.978381   -0.000772
    0.988121   -0.000727
    0.992459   -0.000761
    0.996678   -0.000534
    0.998526   -0.000495
    1.000000    0.000115
::::::::::::::
mh32.dat
::::::::::::::
MH32         
  1.00000  0.00000
  0.99672  0.00035
  0.98706  0.00150
  0.97145  0.00363
  0.95035  0.00676
  0.92423  0.01084
  0.89361  0.01573
  0.85898  0.02123
  0.82086  0.02714
  0.77973  0.03319
  0.73604  0.03910
  0.69017  0.04467
  0.64252  0.04977
  0.59354  0.05432
  0.54374  0.05830
  0.49372  0.06161
  0.44401  0.06409
  0.39503  0.06565
  0.34730  0.06627
  0.30128  0.06586
  0.25734  0.06439
  0.21589  0.06192
  0.17735  0.05844
  0.14203  0.05398
  0.11019  0.04861
  0.08208  0.04245
  0.05792  0.03562
  0.03783  0.02829
  0.02193  0.02067
  0.01026  0.01308
  0.00289  0.00595
  0.00100  0.00004
  0.00000  0.00000
  0.00281 -0.00462
  0.01171 -0.00882
  0.02583 -0.01270
  0.04500 -0.01604
  0.06906 -0.01873
  0.09783 -0.02074
  0.13106 -0.02206
  0.16847 -0.02271
  0.20969 -0.02274
  0.25432 -0.02223
  0.30188 -0.02126
  0.35184 -0.01990
  0.40366 -0.01824
  0.45647 -0.01634
  0.51048 -0.01429
  0.56428 -0.01216
  0.61750 -0.01003
  0.66952 -0.00797
  0.71971 -0.00605
  0.76746 -0.00433
  0.81218 -0.00286
  0.85329 -0.00169
  0.89023 -0.00082
  0.92250 -0.00026
  0.94964  0.00003
  0.97125  0.00012
  0.98701  0.00011
  0.99670  0.00005
  1.00000  0.00000
::::::::::::::
n2414.dap
::::::::::::::
NACA 2414    
    1.000000   -0.000290
    0.998700    0.000817
    0.996603    0.001980
    0.991428    0.002986
    0.983533    0.004773
    0.976237    0.006345
    0.965129    0.008627
    0.953999    0.011092
    0.934805    0.015162
    0.907902    0.020616
    0.890460    0.024047
    0.868176    0.028551
    0.834511    0.034906
    0.798329    0.041236
    0.762861    0.047055
    0.725154    0.053061
    0.682855    0.059081
    0.632184    0.065755
    0.593514    0.070362
    0.553662    0.074615
    0.511182    0.078645
    0.461162    0.082772
    0.410459    0.085759
    0.373934    0.087082
    0.344781    0.087524
    0.314025    0.087258
    0.280631    0.086311
    0.255167    0.084999
    0.230047    0.083183
    0.201545    0.080434
    0.174845    0.077133
    0.124261    0.067906
    0.107823    0.064004
    0.094327    0.060413
    0.077429    0.055414
    0.065116    0.051344
    0.051707    0.046117
    0.040134    0.040908
    0.030659    0.036035
    0.022665    0.031164
    0.017961    0.027712
    0.010971    0.021530
    0.007284    0.017509
    0.004440    0.013647
    0.003897    0.013092
    0.000499   -0.004546
    0.001449   -0.007806
    0.003176   -0.011347
    0.007208   -0.016774
    0.011507   -0.020867
    0.013894   -0.022615
    0.021163   -0.027216
    0.027501   -0.030583
    0.033344   -0.033216
    0.038113   -0.034983
    0.046611   -0.037580
    0.060072   -0.040984
    0.075958   -0.043846
    0.091752   -0.046447
    0.106674   -0.048579
    0.124572   -0.050304
    0.144947   -0.051986
    0.169119   -0.053458
    0.194121   -0.054276
    0.227463   -0.054719
    0.256827   -0.054663
    0.282883   -0.054363
    0.311491   -0.053618
    0.355095   -0.052158
    0.393258   -0.050438
    0.437447   -0.048251
    0.478026   -0.045778
    0.518125   -0.043210
    0.557883   -0.040508
    0.601780   -0.037364
    0.638346   -0.034644
    0.724706   -0.027669
    0.810564   -0.020185
    0.838610   -0.017652
    0.899979   -0.011823
    0.926549   -0.009402
    0.937710   -0.008192
    0.953469   -0.006604
    0.995000   -0.000816
    1.000000   -0.000290
::::::::::::::
n2414.dat
::::::::::::::
NACA 2414    
 1.00000  0.00147
 0.99739  0.00210
 0.98929  0.00396
 0.97587  0.00700
 0.95729  0.01112
 0.93372  0.01620
 0.90542  0.02207
 0.87267  0.02857
 0.83582  0.03552
 0.79527  0.04274
 0.75143  0.05004
 0.70480  0.05723
 0.65586  0.06412
 0.60515  0.07053
 0.55324  0.07629
 0.50069  0.08120
 0.44808  0.08512
 0.39598  0.08787
 0.34454  0.08913
 0.29482  0.08866
 0.24740  0.08645
 0.20285  0.08255
 0.16169  0.07707
 0.12440  0.07014
 0.09141  0.06198
 0.06310  0.05281
 0.03977  0.04289
 0.02165  0.03245
 0.00892  0.02171
 0.00169  0.01085
 0.00000  0.00000
 0.00379 -0.01031
 0.01293 -0.01956
 0.02730 -0.02770
 0.04669 -0.03471
 0.07087 -0.04054
 0.09957 -0.04516
 0.13246 -0.04858
 0.16918 -0.05082
 0.20937 -0.05195
 0.25260 -0.05208
 0.29844 -0.05133
 0.34644 -0.04987
 0.39611 -0.04787
 0.44739 -0.04537
 0.49931 -0.04232
 0.55129 -0.03886
 0.60276 -0.03516
 0.65316 -0.03132
 0.70194 -0.02745
 0.74857 -0.02365
 0.79252 -0.01998
 0.83331 -0.01650
 0.87048 -0.01328
 0.90360 -0.01035
 0.93230 -0.00776
 0.95626 -0.00557
 0.97518 -0.00381
 0.98886 -0.00252
 0.99713 -0.00173
 1.00000 -0.00147
::::::::::::::
n2415.dap
::::::::::::::
NACA 2415    
    1.000000   -0.000256
    0.999509    0.001147
    0.996325    0.001822
    0.992319    0.002322
    0.987382    0.002988
    0.981734    0.003881
    0.975364    0.005102
    0.969837    0.006228
    0.963495    0.007722
    0.958013    0.008944
    0.949687    0.010928
    0.940009    0.013243
    0.917552    0.018261
    0.902151    0.021521
    0.888788    0.024342
    0.875197    0.027141
    0.858553    0.030605
    0.831026    0.035651
    0.799805    0.041320
    0.766348    0.047131
    0.705650    0.057361
    0.645432    0.066716
    0.582180    0.075769
    0.519944    0.083327
    0.460748    0.089365
    0.396009    0.093346
    0.336239    0.093846
    0.280342    0.091918
    0.245951    0.089378
    0.214214    0.086112
    0.184182    0.082209
    0.157041    0.078017
    0.129866    0.072831
    0.109869    0.068223
    0.091527    0.063459
    0.078077    0.059520
    0.062124    0.054128
    0.049487    0.048988
    0.039457    0.044180
    0.031837    0.039928
    0.023262    0.034095
    0.017525    0.029501
    0.012763    0.025040
    0.008335    0.019812
    0.005331    0.015303
    0.002632    0.010078
    0.000655   -0.004882
    0.002386   -0.009392
    0.004760   -0.013126
    0.007233   -0.016466
    0.012280   -0.022003
    0.017970   -0.026812
    0.025912   -0.031813
    0.031487   -0.034570
    0.038472   -0.037465
    0.045696   -0.040021
    0.054716   -0.042631
    0.066976   -0.045521
    0.082816   -0.048427
    0.099418   -0.050785
    0.114636   -0.052659
    0.130685   -0.054297
    0.149277   -0.055827
    0.177214   -0.057580
    0.201565   -0.058435
    0.237673   -0.059063
    0.298431   -0.058472
    0.360194   -0.056591
    0.422499   -0.054096
    0.481794   -0.050541
    0.543506   -0.045921
    0.604191   -0.040051
    0.666805   -0.033522
    0.729776   -0.027276
    0.791395   -0.021021
    0.826564   -0.017453
    0.858431   -0.014256
    0.887884   -0.011321
    0.900517   -0.010045
    0.917673   -0.008327
    0.930972   -0.007073
    0.944103   -0.005815
    0.955319   -0.004760
    0.965279   -0.003804
    0.975071   -0.002855
    0.981997   -0.002218
    0.990755   -0.001700
    0.994721   -0.001555
    0.999501   -0.001147
    1.000000   -0.000256
::::::::::::::
n2415.dat
::::::::::::::
NACA 2415    
 1.00000  0.00157
 0.99740  0.00223
 0.98930  0.00419
 0.97590  0.00739
 0.95733  0.01172
 0.93377  0.01705
 0.90548  0.02323
 0.87275  0.03006
 0.83591  0.03738
 0.79536  0.04498
 0.75154  0.05267
 0.70490  0.06025
 0.65595  0.06753
 0.60524  0.07431
 0.55331  0.08040
 0.50074  0.08562
 0.44811  0.08978
 0.39597  0.09272
 0.34448  0.09409
 0.29469  0.09366
 0.24722  0.09140
 0.20261  0.08736
 0.16142  0.08163
 0.12411  0.07438
 0.09112  0.06580
 0.06282  0.05615
 0.03952  0.04566
 0.02145  0.03460
 0.00878  0.02319
 0.00161  0.01161
 0.00000  0.00000
 0.00387 -0.01106
 0.01308 -0.02103
 0.02750 -0.02985
 0.04694 -0.03748
 0.07115 -0.04387
 0.09986 -0.04899
 0.13275 -0.05282
 0.16945 -0.05539
 0.20960 -0.05676
 0.25278 -0.05703
 0.29857 -0.05633
 0.34651 -0.05483
 0.39612 -0.05272
 0.44737 -0.05003
 0.49926 -0.04673
 0.55122 -0.04298
 0.60267 -0.03893
 0.65306 -0.03472
 0.70184 -0.03048
 0.74846 -0.02628
 0.79242 -0.02222
 0.83322 -0.01836
 0.87040 -0.01477
 0.90354 -0.01151
 0.93225 -0.00862
 0.95622 -0.00616
 0.97516 -0.00419
 0.98885 -0.00275
 0.99712 -0.00187
 1.00000 -0.00157
::::::::::::::
rg15.dat
::::::::::::::
RG15
  1.00000  0.0
  0.99671  0.00054
  0.98726  0.00229
  0.97237  0.00514
  0.95248  0.00865
  0.92764  0.01254
  0.89810  0.01685
  0.86427  0.02152
  0.82660  0.02644
  0.78557  0.03149
  0.74165  0.03654
  0.69537  0.04146
  0.64723  0.04612
  0.59778  0.05039
  0.54753  0.05414
  0.49702  0.05727
  0.44676  0.05966
  0.39727  0.06123
  0.34902  0.06190
  0.30248  0.06162
  0.25809  0.06036
  0.21624  0.05810
  0.17730  0.05486
  0.14161  0.05068
  0.10945  0.04564
  0.08108  0.03985
  0.05673  0.03343
  0.03658  0.02654
  0.02076  0.01935
  0.00932  0.01214
  0.00235  0.00526
  0.0      0.0
  0.00002 -0.00048
  0.00336 -0.00534
  0.01247 -0.01006
  0.02670 -0.01436
  0.04596 -0.01811
  0.07010 -0.02123
  0.09896 -0.02372
  0.13224 -0.02559
  0.16963 -0.02688
  0.21073 -0.02762
  0.25509 -0.02785
  0.30221 -0.02762
  0.35156 -0.02696
  0.40257 -0.02590
  0.45463 -0.02446
  0.50713 -0.02262
  0.55944 -0.02025
  0.61128 -0.01717
  0.66244 -0.01366
  0.71237 -0.01015
  0.76037 -0.00691
  0.80575 -0.00413
  0.84779 -0.00192
  0.88583 -0.00034
  0.91925  0.00062
  0.94748  0.00101
  0.97003  0.00097
  0.98652  0.00064
  0.99660  0.00021
  1.00000  0.0
::::::::::::::
rg15c.dap
::::::::::::::
RG15 (C)     
    1.000000   -0.000239
    0.996475    0.000940
    0.994329    0.002044
    0.987007    0.003119
    0.980638    0.004152
    0.972952    0.005247
    0.962639    0.006832
    0.952328    0.008440
    0.940596    0.010296
    0.929448    0.011923
    0.910472    0.014986
    0.895990    0.017173
    0.876307    0.020238
    0.863241    0.022198
    0.838970    0.026117
    0.828328    0.027653
    0.816698    0.029205
    0.804124    0.030370
    0.763644    0.035446
    0.702939    0.042502
    0.640301    0.048988
    0.579003    0.053829
    0.518097    0.057752
    0.460343    0.060754
    0.396159    0.062792
    0.331664    0.063100
    0.270134    0.061659
    0.202952    0.057765
    0.166782    0.054400
    0.138805    0.051026
    0.106590    0.045986
    0.089996    0.042627
    0.079345    0.040109
    0.068587    0.037330
    0.057909    0.034213
    0.046258    0.030355
    0.032589    0.024652
    0.026891    0.021685
    0.020929    0.018414
    0.015079    0.014710
    0.009208    0.010790
    0.000071   -0.000939
    0.003824   -0.006934
    0.012557   -0.010648
    0.025711   -0.014410
    0.033951   -0.016178
    0.042334   -0.017625
    0.052427   -0.019044
    0.060808   -0.020102
    0.075311   -0.021614
    0.091472   -0.022986
    0.106101   -0.023982
    0.124710   -0.024915
    0.148998   -0.025721
    0.177701   -0.026288
    0.211232   -0.026565
    0.270855   -0.026244
    0.336791   -0.025178
    0.396994   -0.023599
    0.462038   -0.021608
    0.527661   -0.019223
    0.586217   -0.016317
    0.650520   -0.012115
    0.713103   -0.007730
    0.778263   -0.003574
    0.822418   -0.001140
    0.837218   -0.000766
    0.862074   -0.000379
    0.880931   -0.000372
    0.901154   -0.000461
    0.919522   -0.000641
    0.934168   -0.000874
    0.948130   -0.000942
    0.957462   -0.000952
    0.964310   -0.000845
    0.972025   -0.000973
    0.978736   -0.001092
    0.985050   -0.001188
    0.993432   -0.000940
    1.000000   -0.000239
::::::::::::::
s1223.dap
::::::::::::::
S1223        
  1.00000  0.00013
  0.99720  0.00333
  0.99187  0.00839
  0.98689  0.01260
  0.98075  0.01692
  0.97339  0.02127
  0.96293  0.02660
  0.95370  0.03080
  0.94176  0.03581
  0.92548  0.04204
  0.91053  0.04728
  0.88969  0.05399
  0.87178  0.05924
  0.84496  0.06638
  0.81744  0.07305
  0.78334  0.08061
  0.74802  0.08779
  0.71868  0.09328
  0.68153  0.09976
  0.65038  0.10483
  0.61072  0.11087
  0.59071  0.11368
  0.56407  0.11720
  0.53542  0.12074
  0.50578  0.12419
  0.47863  0.12718
  0.44641  0.13039
  0.41610  0.13304
  0.38752  0.13509
  0.35962  0.13665
  0.32854  0.13771
  0.29648  0.13794
  0.26356  0.13679
  0.23263  0.13393
  0.21283  0.13114
  0.19561  0.12802
  0.17473  0.12336
  0.15733  0.11868
  0.14032  0.11348
  0.12497  0.10819
  0.11009  0.10247
  0.09550  0.09613
  0.08018  0.08863
  0.06800  0.08199
  0.04897  0.07000
  0.03568  0.05999
  0.02846  0.05369
  0.01989  0.04487
  0.01503  0.03884
  0.01082  0.03257
  0.00706  0.02587
  0.00482  0.02100
  0.00221  0.01365
  0.00080  0.00745
  0.00019  0.00286
  0.00005 -0.00138
  0.00083 -0.00593
  0.00139 -0.00690
  0.00312 -0.00872
  0.00790 -0.01068
  0.01449 -0.01150
  0.02138 -0.01185
  0.03330 -0.01196
  0.04627 -0.01153
  0.06389 -0.01040
  0.08117 -0.00888
  0.10354 -0.00663
  0.12948 -0.00369
  0.16404  0.00134
  0.20100  0.00781
  0.25115  0.01690
  0.29610  0.02479
  0.33392  0.03100
  0.38160  0.03816
  0.43006  0.04455
  0.47940  0.05004
  0.52654  0.05432
  0.57684  0.05747
  0.63172  0.05939
  0.67649  0.05980
  0.71559  0.05921
  0.73675  0.05844
  0.76333  0.05703
  0.78942  0.05506
  0.80947  0.05310
  0.83028  0.05062
  0.86994  0.04446
  0.89924  0.03838
  0.92149  0.03274
  0.94479  0.02561
  0.95707  0.02117
  0.97177  0.01493
  0.98900  0.00570
  0.99231  0.00363
  0.99800 -0.00013
  1.00000 -0.00178
::::::::::::::
s1223.dat
::::::::::::::
S1223        
  1.00000     0.00000
  0.99838     0.00126
  0.99417     0.00494
  0.98825     0.01037
  0.98075     0.01646
  0.97111     0.02250
  0.95884     0.02853
  0.94389     0.03476
  0.92639     0.04116
  0.90641     0.04768
  0.88406     0.05427
  0.85947     0.06089
  0.83277     0.06749
  0.80412     0.07402
  0.77369     0.08044
  0.74166     0.08671
  0.70823     0.09277
  0.67360     0.09859
  0.63798     0.10412
  0.60158     0.10935
  0.56465     0.11425
  0.52744     0.11881
  0.49025     0.12303
  0.45340     0.12683
  0.41721     0.13011
  0.38193     0.13271
  0.34777     0.13447
  0.31488     0.13526
  0.28347     0.13505
  0.25370     0.13346
  0.22541     0.13037
  0.19846     0.12594
  0.17286     0.12026
  0.14863     0.11355
  0.12591     0.10598
  0.10482     0.09770
  0.08545     0.08879
  0.06789     0.07940
  0.05223     0.06965
  0.03855     0.05968
  0.02694     0.04966
  0.01755     0.03961
  0.01028     0.02954
  0.00495     0.01969
  0.00155     0.01033
  0.00005     0.00178
  0.00044    -0.00561
  0.00264    -0.01120
  0.00789    -0.01427
  0.01718    -0.01550
  0.03006    -0.01584
  0.04627    -0.01532
  0.06561    -0.01404
  0.08787    -0.01202
  0.11282    -0.00925
  0.14020    -0.00563
  0.17006    -0.00075
  0.20278     0.00535
  0.23840     0.01213
  0.27673     0.01928
  0.31750     0.02652
  0.36044     0.03358
  0.40519     0.04021
  0.45139     0.04618
  0.49860     0.05129
  0.54639     0.05534
  0.59428     0.05820
  0.64176     0.05976
  0.68832     0.05994
  0.73344     0.05872
  0.77660     0.05612
  0.81729     0.05219
  0.85500     0.04706
  0.88928     0.04088
  0.91966     0.03387
  0.94573     0.02624
  0.96693     0.01822
  0.98255     0.01060
  0.99268     0.00468
  0.99825     0.00115
  1.00000     0.00000
::::::::::::::
s1223rtl.dap
::::::::::::::
S1223 RTL    
    1.000000   -0.000946
    0.997502    0.004246
    0.994267    0.006970
    0.990553    0.009721
    0.985887    0.013073
    0.980422    0.016799
    0.974207    0.020804
    0.967026    0.025018
    0.960191    0.028532
    0.953539    0.031591
    0.945434    0.034969
    0.934784    0.039051
    0.927392    0.041723
    0.916069    0.045587
    0.904700    0.049339
    0.892904    0.053104
    0.880868    0.056747
    0.871555    0.059460
    0.860332    0.062582
    0.841518    0.067653
    0.821524    0.072728
    0.788553    0.080642
    0.757174    0.087690
    0.702521    0.098969
    0.646375    0.108830
    0.592774    0.116273
    0.535657    0.122260
    0.481598    0.127262
    0.420885    0.132334
    0.367899    0.136358
    0.316697    0.139657
    0.267304    0.141454
    0.242030    0.141102
    0.224515    0.140135
    0.209457    0.138738
    0.192201    0.136301
    0.173871    0.132799
    0.160168    0.129650
    0.141984    0.124588
    0.127452    0.119777
    0.114448    0.114655
    0.101762    0.108700
    0.090167    0.102556
    0.077321    0.095088
    0.063037    0.085579
    0.052785    0.077733
    0.042419    0.068781
    0.034364    0.061059
    0.025346    0.051446
    0.016535    0.039866
    0.011120    0.031212
    0.006136    0.021492
    0.003344    0.014553
    0.001106    0.007517
    0.000890    0.006666
    0.000476    0.004856
    0.000022   -0.001007
    0.000217   -0.003239
    0.000961   -0.006471
    0.005186   -0.011598
    0.013184   -0.013979
    0.019378   -0.014074
    0.029587   -0.013755
    0.042317   -0.013126
    0.054790   -0.012420
    0.074444   -0.011270
    0.100754   -0.009319
    0.146328   -0.004692
    0.176494   -0.000629
    0.221530    0.006261
    0.261508    0.012626
    0.299447    0.018880
    0.333818    0.024521
    0.381605    0.032231
    0.438668    0.041036
    0.475759    0.046082
    0.532321    0.051874
    0.577149    0.055371
    0.627088    0.057756
    0.660157    0.058364
    0.697359    0.057953
    0.739016    0.056082
    0.772825    0.053473
    0.813952    0.049097
    0.850287    0.043961
    0.872517    0.040055
    0.892000    0.036348
    0.904633    0.033587
    0.916050    0.030814
    0.930767    0.026911
    0.943065    0.023289
    0.954397    0.019628
    0.967691    0.014788
    0.979293    0.010019
    0.985964    0.006973
    0.990943    0.004557
    0.993712    0.003152
    0.995775   -0.000265
    1.000000   -0.000946
::::::::::::::
s1223rtl.dat
::::::::::::::
S1223 RTL    
         1.000000       0.000000
         0.993582       0.005174
         0.984237       0.012721
         0.973452       0.019959
         0.960621       0.026718
         0.945173       0.033431
         0.926643       0.040426
         0.904880       0.047739
         0.880167       0.055249
         0.853151       0.062781
         0.824589       0.070170
         0.795130       0.077285
         0.765239       0.084030
         0.735204       0.090329
         0.705148       0.096131
         0.675070       0.101410
         0.644888       0.106168
         0.614467       0.110429
         0.583656       0.114241
         0.552304       0.117672
         0.520314       0.120811
         0.487697       0.123750
         0.454605       0.126565
         0.421337       0.129290
         0.388325       0.131899
         0.356059       0.134296
         0.325061       0.136339
         0.295869       0.137848
         0.268821       0.138607
         0.243816       0.138418
         0.220493       0.137168
         0.198517       0.134818
         0.177661       0.131353
         0.157772       0.126772
         0.138774       0.121094
         0.120658       0.114364
         0.103478       0.106654
         0.087347       0.098106
         0.072460       0.088966
         0.059065       0.079596
         0.047376       0.070398
         0.037469       0.061702
         0.029259       0.053661
         0.022548       0.046281
         0.017103       0.039506
         0.012701       0.033277
         0.009153       0.027538
         0.006314       0.022235
         0.004076       0.017315
         0.002365       0.012727
         0.001128       0.008432
         0.000338       0.004397
        -0.000008       0.000603
         0.000140      -0.003015
         0.001040      -0.006532
         0.003093      -0.009594
         0.006271      -0.011793
         0.010197      -0.013209
         0.014706      -0.014130
         0.019836      -0.014738
         0.025728      -0.015128
         0.032603      -0.015340
         0.040784      -0.015363
         0.050745      -0.015157
         0.063160      -0.014648
         0.078892      -0.013726
         0.098681      -0.012263
         0.122421      -0.010129
         0.149036      -0.007205
         0.177612      -0.003422
         0.207911       0.001142
         0.239707       0.006251
         0.272500       0.011665
         0.305752       0.017205
         0.338930       0.022704
         0.371726       0.028030
         0.404038       0.033089
         0.435847       0.037798
         0.467163       0.042089
         0.498031       0.045901
         0.528494       0.049183
         0.558616       0.051898
         0.588443       0.054011
         0.618027       0.055499
         0.647402       0.056339
         0.676616       0.056516
         0.705687       0.056018
         0.734636       0.054839
         0.763438       0.052976
         0.792049       0.050432
         0.820340       0.047218
         0.848075       0.043370
         0.874835       0.038946
         0.900011       0.034060
         0.922918       0.028856
         0.943064       0.023463
         0.960352       0.017954
         0.975001       0.012374
         0.987341       0.006802
         1.000000       0.000000
::::::::::::::
s4083.dat
::::::::::::::
S4083
       1.00000     0.00000
       0.99815     0.00055
       0.99308     0.00220
       0.98528     0.00445
       0.97469     0.00689
       0.96115     0.00948
       0.94473     0.01230
       0.92555     0.01533
       0.90374     0.01855
       0.87944     0.02193
       0.85282     0.02544
       0.82404     0.02907
       0.79330     0.03277
       0.76080     0.03653
       0.72675     0.04031
       0.69137     0.04410
       0.65491     0.04787
       0.61762     0.05157
       0.57975     0.05519
       0.54158     0.05867
       0.50338     0.06196
       0.46541     0.06498
       0.42794     0.06768
       0.39121     0.06995
       0.35544     0.07169
       0.32082     0.07282
       0.28758     0.07322
       0.25575     0.07277
       0.22538     0.07150
       0.19665     0.06938
       0.16955     0.06640
       0.14416     0.06271
       0.12060     0.05835
       0.09893     0.05339
       0.07927     0.04795
       0.06168     0.04208
       0.04618     0.03591
       0.03289     0.02953
       0.02180     0.02306
       0.01293     0.01669
       0.00632     0.01057
       0.00201     0.00493
       0.00000     0.00016
       0.00099    -0.00346
       0.00541    -0.00618
       0.01305    -0.00842
       0.02383    -0.01019
       0.03765    -0.01146
       0.05447    -0.01227
       0.07419    -0.01265
       0.09672    -0.01261
       0.12192    -0.01219
       0.14968    -0.01143
       0.17983    -0.01037
       0.21221    -0.00907
       0.24659    -0.00757
       0.28279    -0.00593
       0.32055    -0.00420
       0.35964    -0.00243
       0.39979    -0.00067
       0.44075     0.00104
       0.48221     0.00264
       0.52390     0.00412
       0.56552     0.00546
       0.60684     0.00667
       0.64768     0.00768
       0.68776     0.00824
       0.72657     0.00826
       0.76358     0.00787
       0.79860     0.00723
       0.83138     0.00643
       0.86173     0.00551
       0.88946     0.00454
       0.91437     0.00355
       0.93632     0.00262
       0.95515     0.00179
       0.97082     0.00115
       0.98328     0.00067
       0.99239     0.00031
       0.99805     0.00010
       1.00000     0.00000
::::::::::::::
s4083a.dap
::::::::::::::
S4083 (A)    
    1.000000   -0.000316
    0.998989    0.000222
    0.997794    0.000667
    0.994453    0.001552
    0.989487    0.002567
    0.983132    0.004124
    0.976697    0.005740
    0.965415    0.008035
    0.951812    0.010537
    0.938621    0.012729
    0.924043    0.015002
    0.908870    0.017192
    0.895365    0.019151
    0.862776    0.023607
    0.831052    0.027752
    0.796849    0.031959
    0.736591    0.038798
    0.670892    0.045849
    0.610377    0.052039
    0.545365    0.057975
    0.485442    0.062836
    0.423877    0.067162
    0.361604    0.070429
    0.303229    0.071997
    0.271762    0.071924
    0.238774    0.071013
    0.206317    0.069183
    0.180254    0.066824
    0.153027    0.063375
    0.135386    0.060510
    0.117956    0.057183
    0.100958    0.053392
    0.086011    0.049477
    0.072360    0.045368
    0.060632    0.041447
    0.051977    0.038282
    0.040457    0.033403
    0.029156    0.027634
    0.021796    0.023231
    0.013398    0.017061
    0.008754    0.012929
    0.003592    0.007277
    0.002163    0.005356
    0.000803   -0.003223
    0.002916   -0.006156
    0.008760   -0.009259
    0.014146   -0.010779
    0.021923   -0.012246
    0.033001   -0.013300
    0.042372   -0.013687
    0.056152   -0.014049
    0.066941   -0.014121
    0.077097   -0.014174
    0.087331   -0.014130
    0.105932   -0.013832
    0.120008   -0.013462
    0.137936   -0.012943
    0.157410   -0.012338
    0.182174   -0.011413
    0.207776   -0.010332
    0.247808   -0.008484
    0.304710   -0.005754
    0.369675   -0.002834
    0.431375   -0.000108
    0.493516    0.002522
    0.557724    0.005119
    0.620742    0.007149
    0.683709    0.008141
    0.745092    0.007866
    0.808298    0.006740
    0.843274    0.005820
    0.875842    0.004944
    0.906773    0.004090
    0.920603    0.003665
    0.935665    0.003086
    0.950248    0.002564
    0.965737    0.002030
    0.975997    0.001564
    0.984453    0.001093
    0.990280    0.000557
    0.994985    0.000083
    0.996986   -0.000222
    1.000000   -0.000316
::::::::::::::
s4083b.dap
::::::::::::::
S4083 (B)    
    1.000000   -0.000356
    0.999634    0.000619
    0.995453    0.000998
    0.988487    0.001775
    0.983440    0.002203
    0.977070    0.003221
    0.970728    0.004389
    0.963758    0.005652
    0.949102    0.008208
    0.934877    0.010647
    0.920337    0.012925
    0.905857    0.015174
    0.892035    0.017252
    0.860088    0.021668
    0.831788    0.025294
    0.794108    0.029867
    0.733146    0.036535
    0.671055    0.042752
    0.608167    0.048558
    0.547888    0.053995
    0.485553    0.059239
    0.426352    0.063359
    0.363671    0.066711
    0.300127    0.068576
    0.273224    0.068734
    0.238816    0.067906
    0.202333    0.065657
    0.177985    0.063354
    0.151753    0.059973
    0.133776    0.057082
    0.116600    0.053874
    0.099519    0.050122
    0.086334    0.046802
    0.074270    0.043387
    0.062619    0.039645
    0.053980    0.036520
    0.045060    0.032905
    0.034925    0.028258
    0.025853    0.023493
    0.016373    0.017466
    0.009034    0.011747
    0.004240    0.007708
    0.000011   -0.000398
    0.000435   -0.002464
    0.002569   -0.007122
    0.005842   -0.010902
    0.011993   -0.013567
    0.018581   -0.014471
    0.027282   -0.015368
    0.035439   -0.015899
    0.048298   -0.016375
    0.066222   -0.016433
    0.093440   -0.015773
    0.122270   -0.014901
    0.146651   -0.014048
    0.167609   -0.013210
    0.185225   -0.012447
    0.212529   -0.011110
    0.247350   -0.009439
    0.311562   -0.006244
    0.372413   -0.003122
    0.433145   -0.000154
    0.493312    0.002463
    0.556807    0.004967
    0.617587    0.007170
    0.681938    0.008382
    0.744648    0.008348
    0.808865    0.007102
    0.842960    0.005968
    0.874613    0.004681
    0.908532    0.003233
    0.922275    0.002623
    0.935925    0.001930
    0.950118    0.001389
    0.961675    0.000941
    0.969471    0.000664
    0.977000    0.000569
    0.986341    0.000135
    0.991402   -0.000207
    0.997995   -0.000619
    1.000000   -0.000356
::::::::::::::
s5010.dap
::::::::::::::
S5010        
    1.000000    0.000000
    0.998799    0.000172
    0.997590    0.000128
    0.993575    0.000297
    0.991038    0.000415
    0.986900    0.000260
    0.982861    0.000210
    0.976205    0.000177
    0.968713   -0.000011
    0.960238   -0.000024
    0.948915    0.000149
    0.933707    0.000972
    0.917795    0.001856
    0.902963    0.002939
    0.887614    0.004376
    0.865325    0.006521
    0.841864    0.008937
    0.805471    0.013286
    0.781728    0.016353
    0.754302    0.020003
    0.721264    0.024779
    0.684886    0.030018
    0.642005    0.036174
    0.599838    0.041911
    0.559836    0.047093
    0.517507    0.052218
    0.475607    0.056785
    0.434773    0.060782
    0.394421    0.064008
    0.353117    0.066359
    0.311787    0.067711
    0.267369    0.067947
    0.225418    0.066700
    0.183828    0.063985
    0.162967    0.061884
    0.142343    0.059231
    0.122581    0.056171
    0.105676    0.053031
    0.092961    0.050227
    0.077925    0.046447
    0.061725    0.041571
    0.043636    0.034852
    0.028201    0.027658
    0.021897    0.024149
    0.013791    0.018967
    0.005732    0.012216
    0.001846    0.006175
    0.000986    0.004062
    0.000416   -0.002599
    0.001489   -0.004936
    0.004451   -0.007693
    0.007327   -0.009290
    0.012526   -0.011490
    0.020265   -0.013929
    0.028492   -0.015492
    0.039986   -0.016843
    0.052392   -0.017968
    0.060990   -0.018702
    0.070897   -0.019495
    0.109294   -0.021714
    0.129633   -0.022358
    0.153410   -0.022900
    0.181492   -0.023534
    0.208377   -0.023904
    0.239239   -0.024063
    0.280101   -0.024012
    0.321734   -0.023773
    0.364792   -0.023288
    0.403286   -0.022670
    0.442745   -0.021847
    0.487098   -0.020758
    0.527164   -0.019605
    0.571905   -0.018121
    0.612467   -0.016595
    0.653027   -0.014948
    0.693537   -0.013339
    0.736357   -0.011748
    0.780179   -0.010094
    0.821069   -0.008552
    0.847885   -0.007498
    0.878436   -0.006142
    0.896657   -0.005348
    0.914687   -0.004321
    0.926833   -0.003490
    0.939820   -0.002895
    0.949691   -0.002098
    0.960915   -0.001551
    0.977464   -0.000847
    0.989489   -0.000333
    0.995381   -0.000298
    0.998318   -0.000173
    1.000000    0.000000
::::::::::::::
s5010.dat
::::::::::::::
S5010        
         1.0000000      0.0000000
         0.9967600      0.0000100
         0.9870700      0.0000700
         0.9710100      0.0003600
         0.9487000      0.0010800
         0.9204100      0.0025600
         0.8866700      0.0051600
         0.8482800      0.0090300
         0.8060800      0.0140600
         0.7607600      0.0200800
         0.7130700      0.0268800
         0.6637700      0.0342000
         0.6135500      0.0416300
         0.5629600      0.0487700
         0.5124700      0.0552900
         0.4625100      0.0609300
         0.4134600      0.0654600
         0.3657600      0.0687300
         0.3196900      0.0706300
         0.2756000      0.0711300
         0.2338300      0.0702300
         0.1947300      0.0679900
         0.1586000      0.0644500
         0.1257300      0.0596800
         0.0963700      0.0537700
         0.0707100      0.0468800
         0.0488900      0.0391500
         0.0310200      0.0308100
         0.0171800      0.0221400
         0.0073900      0.0134800
         0.0016700      0.0053300
         0.0001500     -0.0014000
         0.0042400     -0.0065000
         0.0145600     -0.0108400
         0.0302800     -0.0147100
         0.0512300     -0.0180400
         0.0771800     -0.0208200
         0.1078500     -0.0230600
         0.1429100     -0.0248100
         0.1819400     -0.0260900
         0.2244800     -0.0268800
         0.2700800     -0.0271500
         0.3182900     -0.0269100
         0.3686400     -0.0262300
         0.4205500     -0.0251700
         0.4734500     -0.0238100
         0.5267500     -0.0221900
         0.5798300     -0.0203900
         0.6320900     -0.0184600
         0.6829200     -0.0164500
         0.7317300     -0.0144300
         0.7779200     -0.0124300
         0.8209500     -0.0104900
         0.8603000     -0.0086500
         0.8954700     -0.0069100
         0.9260300     -0.0052700
         0.9516300     -0.0036700
         0.9721100     -0.0021200
         0.9873000     -0.0008800
         0.9967800     -0.0001900
         1.0000000      0.0000000
::::::::::::::
s7012.dat
::::::::::::::
S7012 
       1.00000     0.00000
       0.99819     0.00024
       0.99294     0.00104
       0.98451     0.00231
       0.97296     0.00392
       0.95833     0.00586
       0.94077     0.00817
       0.92044     0.01080
       0.89749     0.01372
       0.87210     0.01689
       0.84445     0.02029
       0.81474     0.02386
       0.78318     0.02757
       0.74999     0.03138
       0.71540     0.03524
       0.67965     0.03909
       0.64298     0.04287
       0.60563     0.04654
       0.56785     0.05002
       0.52988     0.05324
       0.49193     0.05615
       0.45426     0.05870
       0.41710     0.06081
       0.38070     0.06241
       0.34520     0.06335
       0.31071     0.06360
       0.27741     0.06319
       0.24543     0.06209
       0.21486     0.06033
       0.18590     0.05795
       0.15865     0.05496
       0.13326     0.05143
       0.10983     0.04738
       0.08846     0.04287
       0.06926     0.03798
       0.05229     0.03274
       0.03759     0.02728
       0.02525     0.02167
       0.01528     0.01605
       0.00773     0.01058
       0.00266     0.00542
       0.00007     0.00087
       0.00069    -0.00278
       0.00486    -0.00600
       0.01208    -0.00918
       0.02223    -0.01220
       0.03523    -0.01495
       0.05102    -0.01739
       0.06952    -0.01950
       0.09065    -0.02126
       0.11428    -0.02265
       0.14032    -0.02368
       0.16861    -0.02436
       0.19900    -0.02471
       0.23131    -0.02474
       0.26535    -0.02448
       0.30091    -0.02396
       0.33778    -0.02318
       0.37572    -0.02220
       0.41449    -0.02101
       0.45383    -0.01965
       0.49348    -0.01813
       0.53316    -0.01644
       0.57261    -0.01453
       0.61171    -0.01227
       0.65044    -0.00978
       0.68859    -0.00732
       0.72582    -0.00504
       0.76182    -0.00300
       0.79628    -0.00128
       0.82889     0.00010
       0.85936     0.00112
       0.88743     0.00178
       0.91283     0.00211
       0.93533     0.00214
       0.95473     0.00192
       0.97084     0.00153
       0.98352     0.00105
       0.99266     0.00055
       0.99816     0.00016
       1.00000     0.00000
::::::::::::::
s7012b.dap
::::::::::::::
S7012 (B)    
    1.000000    0.000449
    0.999597    0.000006
    0.996687    0.000366
    0.992941    0.000790
    0.988419    0.001296
    0.983752    0.001627
    0.980211    0.001787
    0.974536    0.002220
    0.965818    0.003236
    0.953788    0.004468
    0.942892    0.005862
    0.923173    0.008102
    0.899685    0.010797
    0.859328    0.015468
    0.818851    0.020274
    0.724296    0.031650
    0.650621    0.039409
    0.567921    0.047624
    0.482181    0.054820
    0.400162    0.059866
    0.356770    0.061581
    0.318061    0.062232
    0.276068    0.061934
    0.235729    0.060663
    0.215765    0.059499
    0.195466    0.057951
    0.172123    0.055769
    0.156115    0.053992
    0.140860    0.052037
    0.128424    0.050185
    0.113449    0.047642
    0.099704    0.044970
    0.084882    0.041714
    0.071857    0.038507
    0.059368    0.034993
    0.053027    0.032978
    0.041602    0.028965
    0.035160    0.026402
    0.029003    0.023689
    0.022769    0.020653
    0.018030    0.018072
    0.013716    0.015445
    0.010361    0.013132
    0.006910    0.010393
    0.003955    0.007463
    0.001105    0.003146
    0.000652    0.001846
    0.000309    0.001270
    0.002043   -0.003279
    0.004985   -0.005754
    0.007724   -0.007481
    0.012622   -0.009805
    0.017559   -0.011597
    0.026816   -0.014227
    0.030256   -0.015058
    0.035355   -0.016177
    0.046333   -0.018157
    0.068091   -0.020819
    0.089950   -0.022629
    0.122488   -0.024496
    0.150330   -0.025554
    0.183732   -0.026269
    0.224893   -0.026287
    0.264790   -0.025783
    0.330640   -0.024586
    0.387600   -0.023110
    0.451964   -0.021105
    0.540597   -0.017474
    0.626089   -0.012643
    0.703494   -0.007760
    0.756713   -0.004640
    0.827167   -0.001535
    0.871278   -0.000032
    0.911423    0.000834
    0.953963    0.001229
    0.965380    0.000845
    0.977719    0.000508
    0.987395    0.000163
    0.993282   -0.000105
    0.999388   -0.000006
    1.000000    0.000449
::::::::::::::
s7055.dap
::::::::::::::
S7055        
  1.00000  0.00040
  0.99562  0.00203
  0.99010  0.00284
  0.98345  0.00397
  0.97668  0.00506
  0.96982  0.00632
  0.96240  0.00763
  0.95470  0.00905
  0.94683  0.01044
  0.93714  0.01212
  0.92450  0.01445
  0.91234  0.01666
  0.90178  0.01871
  0.88154  0.02256
  0.86177  0.02643
  0.83545  0.03185
  0.79854  0.03912
  0.76066  0.04651
  0.72058  0.05398
  0.66018  0.06405
  0.60023  0.07286
  0.53588  0.07980
  0.47323  0.08473
  0.41034  0.08802
  0.34779  0.08827
  0.28557  0.08628
  0.22639  0.08189
  0.18440  0.07689
  0.14489  0.07040
  0.12239  0.06522
  0.10318  0.05983
  0.08536  0.05384
  0.07289  0.04896
  0.06069  0.04381
  0.04943  0.03870
  0.03860  0.03320
  0.02930  0.02774
  0.02098  0.02225
  0.01432  0.01724
  0.00716  0.01110
  0.00294  0.00641
  0.00005 -0.00085
  0.00025 -0.00185
  0.00422 -0.00712
  0.00819 -0.00946
  0.01368 -0.01173
  0.01940 -0.01365
  0.02561 -0.01527
  0.03578 -0.01721
  0.04885 -0.01892
  0.05964 -0.02005
  0.07697 -0.02144
  0.09621 -0.02215
  0.12762 -0.02249
  0.15810 -0.02285
  0.19891 -0.02277
  0.24187 -0.02203
  0.30328 -0.01968
  0.36843 -0.01772
  0.43049 -0.01599
  0.49304 -0.01422
  0.55200 -0.01265
  0.61392 -0.01127
  0.67063 -0.00971
  0.73894 -0.00781
  0.78119 -0.00628
  0.82139 -0.00528
  0.85601 -0.00448
  0.88476 -0.00359
  0.90230 -0.00292
  0.92436 -0.00225
  0.93865 -0.00180
  0.95219 -0.00156
  0.96302 -0.00127
  0.97314 -0.00124
  0.98332 -0.00121
  0.99112 -0.00125
  0.99936 -0.00105
  1.00000  0.00040
::::::::::::::
s7055.dat
::::::::::::::
S7055        
  1.00000  0.00000
  0.99808  0.00023
  0.99243  0.00104
  0.98327  0.00251
  0.97083  0.00464
  0.95526  0.00738
  0.93671  0.01073
  0.91539  0.01470
  0.89155  0.01924
  0.86543  0.02431
  0.83728  0.02981
  0.80738  0.03565
  0.77601  0.04169
  0.74337  0.04770
  0.70958  0.05354
  0.67484  0.05920
  0.63934  0.06454
  0.60327  0.06949
  0.56688  0.07399
  0.53032  0.07791
  0.49374  0.08125
  0.45740  0.08391
  0.42142  0.08584
  0.38601  0.08706
  0.35133  0.08749
  0.31754  0.08713
  0.28483  0.08599
  0.25332  0.08404
  0.22311  0.08132
  0.19440  0.07787
  0.16729  0.07370
  0.14189  0.06891
  0.11833  0.06352
  0.09668  0.05760
  0.07705  0.05125
  0.05952  0.04455
  0.04413  0.03761
  0.03097  0.03054
  0.02008  0.02346
  0.01148  0.01655
  0.00524  0.00998
  0.00139  0.00398
  0.00007 -0.00091
  0.00214 -0.00493
  0.00762 -0.00871
  0.01587 -0.01193
  0.02720 -0.01436
  0.04175 -0.01620
  0.05938 -0.01763
  0.07995 -0.01870
  0.10333 -0.01944
  0.12935 -0.01989
  0.15784 -0.02009
  0.18857 -0.02006
  0.22132 -0.01980
  0.25590 -0.01927
  0.29218 -0.01849
  0.32993 -0.01757
  0.36889 -0.01656
  0.40878 -0.01551
  0.44933 -0.01445
  0.49021 -0.01338
  0.53116 -0.01230
  0.57188 -0.01123
  0.61212 -0.01018
  0.65160 -0.00914
  0.69009 -0.00813
  0.72734 -0.00716
  0.76303 -0.00622
  0.79681 -0.00533
  0.82841 -0.00450
  0.85793 -0.00373
  0.88544 -0.00301
  0.91063 -0.00235
  0.93322 -0.00175
  0.95293 -0.00124
  0.96949 -0.00080
  0.98266 -0.00046
  0.99224 -0.00020
  0.99805 -0.00005
  1.00000  0.00000
::::::::::::::
s7075.dat
::::::::::::::
S7075 
       1.00000     0.00000
       0.99811     0.00030
       0.99262     0.00130
       0.98384     0.00301
       0.97189     0.00532
       0.95689     0.00825
       0.93906     0.01183
       0.91865     0.01599
       0.89590     0.02064
       0.87105     0.02565
       0.84435     0.03084
       0.81590     0.03603
       0.78585     0.04114
       0.75438     0.04596
       0.72152     0.05039
       0.68736     0.05452
       0.65213     0.05833
       0.61605     0.06181
       0.57936     0.06492
       0.54228     0.06762
       0.50502     0.06988
       0.46782     0.07165
       0.43086     0.07290
       0.39436     0.07362
       0.35853     0.07377
       0.32355     0.07334
       0.28961     0.07232
       0.25690     0.07072
       0.22556     0.06854
       0.19578     0.06579
       0.16769     0.06249
       0.14143     0.05868
       0.11714     0.05438
       0.09490     0.04963
       0.07485     0.04451
       0.05704     0.03906
       0.04155     0.03336
       0.02846     0.02751
       0.01783     0.02158
       0.00974     0.01572
       0.00426     0.00983
       0.00112     0.00396
       0.00012    -0.00127
       0.00205    -0.00532
       0.00740    -0.00861
       0.01586    -0.01154
       0.02736    -0.01403
       0.04182    -0.01616
       0.05915    -0.01785
       0.07927    -0.01912
       0.10208    -0.01997
       0.12746    -0.02041
       0.15527    -0.02049
       0.18536    -0.02022
       0.21756    -0.01965
       0.25167    -0.01880
       0.28749    -0.01774
       0.32478    -0.01649
       0.36331    -0.01510
       0.40283    -0.01360
       0.44306    -0.01205
       0.48375    -0.01047
       0.52460    -0.00889
       0.56534    -0.00734
       0.60568    -0.00584
       0.64532    -0.00438
       0.68397    -0.00291
       0.72149    -0.00140
       0.75769     0.00009
       0.79235     0.00160
       0.82543     0.00301
       0.85679     0.00399
       0.88582     0.00420
       0.91190     0.00378
       0.93478     0.00312
       0.95435     0.00237
       0.97053     0.00163
       0.98322     0.00099
       0.99243     0.00051
       0.99808     0.00016
       1.00000     0.00000
::::::::::::::
s7075a.dap
::::::::::::::
S7075 (A)    
    1.000000   -0.000937
    0.998799   -0.000180
    0.995726    0.000715
    0.990029    0.001826
    0.983608    0.003064
    0.978922    0.004067
    0.972113    0.005459
    0.962591    0.007585
    0.947615    0.010583
    0.933801    0.013334
    0.917943    0.016500
    0.902523    0.019533
    0.889669    0.022005
    0.852234    0.029100
    0.812623    0.036117
    0.723162    0.049302
    0.646507    0.058073
    0.563528    0.065415
    0.480202    0.070342
    0.395739    0.072576
    0.357003    0.072721
    0.315275    0.072107
    0.271025    0.070511
    0.232011    0.068012
    0.210116    0.066175
    0.193755    0.064570
    0.171232    0.062013
    0.145051    0.058399
    0.130578    0.056017
    0.119978    0.054105
    0.104888    0.051046
    0.090758    0.047805
    0.076600    0.044111
    0.063082    0.040081
    0.051967    0.036340
    0.044083    0.033376
    0.036475    0.030250
    0.030246    0.027437
    0.019638    0.021847
    0.012729    0.017334
    0.005415    0.010992
    0.001458    0.005383
    0.000208    0.002020
    0.000742   -0.003879
    0.004429   -0.007857
    0.007217   -0.009377
    0.012416   -0.011324
    0.020489   -0.013378
    0.028700   -0.014958
    0.035397   -0.015964
    0.041837   -0.016835
    0.052879   -0.018019
    0.061877   -0.018795
    0.072650   -0.019559
    0.083908   -0.020178
    0.113600   -0.021155
    0.143185   -0.021450
    0.176758   -0.021284
    0.213664   -0.020717
    0.262631   -0.019568
    0.317070   -0.017951
    0.400096   -0.015215
    0.484859   -0.012114
    0.569084   -0.008954
    0.652670   -0.005774
    0.734686   -0.002536
    0.820168    0.000971
    0.864674    0.002488
    0.904015    0.002816
    0.935825    0.002409
    0.966116    0.001520
    0.978250    0.000998
    0.990948    0.000455
    0.999500    0.000180
    1.000000   -0.000937
::::::::::::::
s7075b.dap
::::::::::::::
S7075 (B)    
    1.000000    0.000185
    0.998237    0.000404
    0.997372    0.000907
    0.991291    0.001505
    0.984500    0.002476
    0.973708    0.003916
    0.961111    0.005982
    0.946567    0.008215
    0.931512    0.010508
    0.918470    0.012503
    0.903833    0.014804
    0.890288    0.016984
    0.854397    0.022649
    0.804164    0.029907
    0.715460    0.043553
    0.648052    0.052116
    0.564234    0.060273
    0.483399    0.065970
    0.396364    0.069260
    0.313891    0.069610
    0.273356    0.068440
    0.234333    0.066338
    0.214560    0.064802
    0.190551    0.062528
    0.173202    0.060520
    0.155117    0.058096
    0.139580    0.055738
    0.127588    0.053734
    0.114613    0.051390
    0.096675    0.047831
    0.081515    0.044249
    0.067848    0.040569
    0.057659    0.037495
    0.045155    0.033184
    0.037593    0.030223
    0.028958    0.026403
    0.021601    0.022530
    0.017093    0.019677
    0.012063    0.015837
    0.008737    0.012869
    0.003648    0.007517
    0.001739    0.005182
    0.004731   -0.008695
    0.007032   -0.011064
    0.010914   -0.013377
    0.016181   -0.014908
    0.021142   -0.016132
    0.025321   -0.017042
    0.032194   -0.018285
    0.040919   -0.019475
    0.057300   -0.021004
    0.079053   -0.022393
    0.105315   -0.023537
    0.134101   -0.024211
    0.163152   -0.024265
    0.205497   -0.023713
    0.243147   -0.022660
    0.327919   -0.019921
    0.409325   -0.017210
    0.493069   -0.014349
    0.577038   -0.011645
    0.658758   -0.008916
    0.739549   -0.006285
    0.824309   -0.002377
    0.864546   -0.000793
    0.905093    0.000128
    0.935272    0.000525
    0.949520    0.000605
    0.964769    0.000149
    0.978515    0.000155
    0.990122   -0.000212
    0.998421   -0.000404
    1.000000    0.000185
::::::::::::::
s8025.dap
::::::::::::::
S8025        
    1.000000   -0.000264
    0.999865   -0.000359
    0.994020    0.000148
    0.988460    0.000561
    0.984241    0.000632
    0.976651    0.001093
    0.958393    0.001804
    0.942375    0.002544
    0.924019    0.003590
    0.899237    0.004789
    0.863976    0.006858
    0.816529    0.009746
    0.734273    0.015470
    0.653679    0.021396
    0.566424    0.027992
    0.484611    0.033976
    0.402617    0.039396
    0.362807    0.041675
    0.319455    0.043740
    0.284074    0.045042
    0.235560    0.046130
    0.216465    0.046285
    0.196743    0.046247
    0.179311    0.045991
    0.155472    0.045189
    0.141467    0.044418
    0.126420    0.043307
    0.111385    0.041848
    0.098025    0.040238
    0.085456    0.038384
    0.072234    0.035981
    0.061016    0.033484
    0.051521    0.031004
    0.043680    0.028673
    0.035022    0.025752
    0.026872    0.022561
    0.020039    0.019425
    0.013110    0.015631
    0.008536    0.012471
    0.004105    0.008508
    0.000313    0.002129
    0.000019   -0.000515
    0.000529   -0.002756
    0.002872   -0.005694
    0.006711   -0.008495
    0.012906   -0.011915
    0.015223   -0.013005
    0.020818   -0.015325
    0.028456   -0.017850
    0.037229   -0.020160
    0.046247   -0.022088
    0.056999   -0.023956
    0.069527   -0.025716
    0.082877   -0.027217
    0.100363   -0.028866
    0.118588   -0.030238
    0.131112   -0.031024
    0.145645   -0.031721
    0.158888   -0.032243
    0.176306   -0.032780
    0.200203   -0.033253
    0.239624   -0.033582
    0.286631   -0.033306
    0.322936   -0.032695
    0.408144   -0.030239
    0.489748   -0.026839
    0.574074   -0.022751
    0.657983   -0.018370
    0.739245   -0.014022
    0.784164   -0.011601
    0.819165   -0.009711
    0.858141   -0.007691
    0.901360   -0.005288
    0.927760   -0.003810
    0.945813   -0.002872
    0.960141   -0.001951
    0.974577   -0.000981
    0.987004   -0.000395
    0.998970    0.000360
    1.000000   -0.000264
::::::::::::::
s8025.dat
::::::::::::::
S8025        
       1.00000     0.00000
       0.99919     0.00002
       0.99678     0.00012
       0.99284     0.00034
       0.98745     0.00066
       0.98063     0.00104
       0.97238     0.00147
       0.96270     0.00196
       0.95165     0.00253
       0.93925     0.00318
       0.92556     0.00391
       0.91060     0.00473
       0.89445     0.00563
       0.87713     0.00662
       0.85872     0.00769
       0.83927     0.00885
       0.81884     0.01009
       0.79749     0.01141
       0.77528     0.01281
       0.75230     0.01429
       0.72860     0.01585
       0.70427     0.01749
       0.67938     0.01921
       0.65405     0.02100
       0.62835     0.02284
       0.60235     0.02471
       0.57615     0.02658
       0.54980     0.02845
       0.52339     0.03031
       0.49702     0.03212
       0.47073     0.03387
       0.44461     0.03555
       0.41873     0.03714
       0.39318     0.03862
       0.36801     0.03997
       0.34327     0.04118
       0.31906     0.04223
       0.29543     0.04311
       0.27244     0.04379
       0.25013     0.04426
       0.22857     0.04452
       0.20782     0.04454
       0.18791     0.04428
       0.16884     0.04377
       0.15069     0.04301
       0.13350     0.04199
       0.11729     0.04067
       0.10203     0.03908
       0.08779     0.03725
       0.07462     0.03516
       0.06250     0.03280
       0.05141     0.03021
       0.04137     0.02743
       0.03244     0.02448
       0.02461     0.02134
       0.01781     0.01806
       0.01210     0.01472
       0.00752     0.01136
       0.00406     0.00796
       0.00163     0.00458
       0.00025     0.00141
       0.00020    -0.00126
       0.00177    -0.00376
       0.00481    -0.00649
       0.00907    -0.00932
       0.01451    -0.01216
       0.02109    -0.01496
       0.02877    -0.01763
       0.03761    -0.02012
       0.04765    -0.02244
       0.05882    -0.02462
       0.07109    -0.02660
       0.08447    -0.02836
       0.09896    -0.02993
       0.11451    -0.03130
       0.13107    -0.03247
       0.14862    -0.03343
       0.16716    -0.03417
       0.18662    -0.03474
       0.20694    -0.03511
       0.22809    -0.03530
       0.25002    -0.03530
       0.27267    -0.03515
       0.29596    -0.03483
       0.31986    -0.03436
       0.34431    -0.03374
       0.36923    -0.03299
       0.39455    -0.03211
       0.42021    -0.03112
       0.44614    -0.03002
       0.47227    -0.02883
       0.49851    -0.02754
       0.52481    -0.02615
       0.55113    -0.02470
       0.57738    -0.02320
       0.60349    -0.02168
       0.62936    -0.02015
       0.65494    -0.01862
       0.68013    -0.01712
       0.70485    -0.01564
       0.72904    -0.01420
       0.75261    -0.01281
       0.77549    -0.01147
       0.79761    -0.01020
       0.81890    -0.00899
       0.83929    -0.00786
       0.85871    -0.00681
       0.87710    -0.00583
       0.89441    -0.00494
       0.91057    -0.00413
       0.92552    -0.00340
       0.93922    -0.00276
       0.95163    -0.00219
       0.96269    -0.00170
       0.97237    -0.00127
       0.98062    -0.00090
       0.98745    -0.00057
       0.99284    -0.00029
       0.99677    -0.00010
       0.99919    -0.00001
       1.00000     0.00000
::::::::::::::
sd7037.dat
::::::::::::::
SD7037
  1.00000  0.0
  0.99672  0.00042
  0.98707  0.00180
  0.97146  0.00436
  0.95041  0.00811
  0.92450  0.01295
  0.89425  0.01865
  0.86015  0.02490
  0.82261  0.03141
  0.78201  0.03788
  0.73865  0.04413
  0.69294  0.05011
  0.64539  0.05572
  0.59655  0.06085
  0.54693  0.06538
  0.49706  0.06917
  0.44745  0.07211
  0.39862  0.07410
  0.35101  0.07504
  0.30508  0.07488
  0.26125  0.07358
  0.21989  0.07113
  0.18137  0.06754
  0.14601  0.06286
  0.11410  0.05715
  0.08586  0.05049
  0.06146  0.04300
  0.04102  0.03486
  0.02462  0.02632
  0.01232  0.01770
  0.00418  0.00936
  0.00021  0.00185
  0.00127 -0.00393
  0.00806 -0.00839
  0.02038 -0.01227
  0.03800 -0.01541
  0.06074 -0.01777
  0.08844 -0.01934
  0.12084 -0.02017
  0.15765 -0.02032
  0.19850 -0.01987
  0.24296 -0.01891
  0.29055 -0.01754
  0.34071 -0.01586
  0.39288 -0.01396
  0.44643 -0.01190
  0.50074 -0.00976
  0.55519 -0.00760
  0.60914 -0.00549
  0.66197 -0.00349
  0.71305 -0.00168
  0.76178 -0.00014
  0.80752  0.00104
  0.84964  0.00182
  0.88756  0.00220
  0.92071  0.00218
  0.94859  0.00185
  0.97077  0.00132
  0.98690  0.00071
  0.99671  0.00021
  1.00000  0.00000
::::::::::::::
sd7037b.dap
::::::::::::::
SD7037 (B)   
  1.00000  0.00024
  0.99970  0.00101
  0.99598  0.00202
  0.99205  0.00266
  0.98502  0.00365
  0.97716  0.00484
  0.96931  0.00617
  0.96189  0.00740
  0.95176  0.00908
  0.93747  0.01138
  0.92491  0.01353
  0.90813  0.01654
  0.89082  0.01969
  0.87337  0.02265
  0.84839  0.02689
  0.82124  0.03133
  0.77629  0.03808
  0.73714  0.04373
  0.67533  0.05168
  0.61304  0.05864
  0.55026  0.06448
  0.48609  0.06920
  0.42380  0.07261
  0.36212  0.07430
  0.29770  0.07411
  0.23632  0.07153
  0.19389  0.06803
  0.15198  0.06297
  0.12033  0.05764
  0.09461  0.05214
  0.07954  0.04827
  0.06942  0.04532
  0.05672  0.04144
  0.04558  0.03723
  0.03513  0.03261
  0.02605  0.02761
  0.01987  0.02350
  0.01370  0.01882
  0.01022  0.01598
  0.00719  0.01306
  0.00167  0.00588
  0.00022  0.00212
  0.00211 -0.00668
  0.00487 -0.00914
  0.01007 -0.01186
  0.01523 -0.01365
  0.02322 -0.01605
  0.02997 -0.01761
  0.04075 -0.01936
  0.05077 -0.02039
  0.06403 -0.02134
  0.07854 -0.02223
  0.09895 -0.02280
  0.13065 -0.02300
  0.15845 -0.02281
  0.20002 -0.02238
  0.24292 -0.02137
  0.30574 -0.01912
  0.36946 -0.01644
  0.43210 -0.01382
  0.49408 -0.01144
  0.55674 -0.00899
  0.61627 -0.00666
  0.68273 -0.00401
  0.74376 -0.00163
  0.78840 -0.00022
  0.82871  0.00066
  0.86231  0.00116
  0.89094  0.00125
  0.90746  0.00133
  0.92920  0.00109
  0.94526  0.00087
  0.95938  0.00051
  0.97400  0.00017
  0.98276 -0.00013
  0.99226 -0.00073
  0.99963 -0.00101
  1.00000  0.00024
::::::::::::::
sd7037c.dap
::::::::::::::
SD7037 (C)   
    1.000000   -0.000179
    0.994707    0.001877
    0.989933    0.002649
    0.983637    0.003543
    0.976911    0.004471
    0.970930    0.005494
    0.961121    0.006999
    0.948085    0.009241
    0.933482    0.012058
    0.919364    0.014786
    0.903973    0.018003
    0.888983    0.021279
    0.860705    0.026906
    0.829709    0.032492
    0.794703    0.038362
    0.733101    0.047597
    0.669810    0.056023
    0.608530    0.063071
    0.547573    0.068844
    0.487673    0.073412
    0.427227    0.076268
    0.360501    0.077265
    0.299031    0.076100
    0.270490    0.075065
    0.236668    0.073136
    0.200216    0.069898
    0.176480    0.067111
    0.150059    0.063302
    0.131866    0.060186
    0.112623    0.056517
    0.097473    0.053285
    0.084653    0.050145
    0.073298    0.046968
    0.058298    0.042031
    0.049372    0.038699
    0.040471    0.034981
    0.031288    0.030492
    0.022267    0.025025
    0.014324    0.019044
    0.009575    0.014855
    0.005927    0.011235
    0.001722    0.005349
    0.001003    0.003849
    0.000280   -0.002008
    0.002334   -0.005825
    0.006845   -0.008626
    0.013154   -0.011033
    0.017589   -0.012276
    0.024806   -0.013949
    0.033495   -0.015604
    0.039506   -0.016515
    0.048073   -0.017567
    0.059439   -0.018419
    0.074772   -0.019226
    0.091276   -0.019870
    0.100234   -0.020132
    0.117595   -0.020455
    0.136199   -0.020648
    0.154745   -0.020725
    0.181804   -0.020535
    0.207032   -0.020035
    0.243357   -0.018965
    0.305207   -0.016812
    0.368709   -0.014093
    0.429795   -0.011391
    0.491726   -0.008772
    0.553175   -0.006422
    0.612057   -0.004183
    0.678496   -0.001730
    0.739519   -0.000067
    0.804084    0.001004
    0.837739    0.001521
    0.869969    0.001611
    0.901653    0.001476
    0.917799    0.001213
    0.931043    0.000692
    0.947046    0.000406
    0.961817   -0.000050
    0.980808   -0.000639
    0.990067   -0.000933
    0.995209   -0.001116
    0.998322   -0.000986
    1.000000   -0.000179
