Time	Aircraft Simulation Net Global Force Y	Aircraft Simulation Position Z	Aircraft Simulation Altitude	Aircraft Simulation Airspeed
0.1	0	4.868132	1.43382	0.05964156
0.2	0	4.868027	1.434173	0.01254291
0.3	0	4.868145	1.433989	0.009202276
0.4	0	4.868126	1.434015	0.005580948
0.5	0	4.868119	1.434026	0.003588341
0.6	0	4.868107	1.43402	0.00251435
0.7	0	4.868094	1.434023	0.0003332734
0.8	0	4.868081	1.434021	0.001005122
0.9	0	4.86807	1.434021	0.0006402466
1	0	4.868055	1.434022	0.001717252
1.1	0	4.868042	1.434019	0.0001252144
1.2	0	4.868029	1.434023	-3.470798E-05
1.3	0	4.868013	1.434021	-0.001558117
1.4	0	4.867997	1.434021	-0.0001791923
1.5	0	4.867991	1.434016	-0.0006428371
1.6	0	4.867969	1.434014	-0.001433251
1.7	0	4.867946	1.434022	-0.0006768214
1.8	0	4.867939	1.43402	0.0006978971
1.9	0	4.867924	1.434013	0.001496113
2	0	4.867912	1.434024	-0.0005646434
2.1	0	4.867909	1.434016	-0.001125601
2.2	0	4.867887	1.434018	-0.001515097
2.3	0	4.867867	1.434021	-0.0004696274
2.4	0	4.867857	1.434017	0.001123014
2.5	0	4.867843	1.434017	0.0009987078
2.6	0	4.867836	1.434021	-0.0004506174
2.7	0	4.867823	1.434014	0.001022528
2.8	0	4.867798	1.434016	0.0009493623
2.9	0	4.867784	1.434017	0.0004160044
3	0	4.867766	1.434013	0.0009602081
3.1	0	4.867744	1.434017	0.0007329819
3.2	0	4.86773	1.434016	0.001176177
3.3	0	4.867719	1.434013	0.001017556
3.4	0	4.867698	1.434013	0.001137101
3.5	0	4.867684	1.434016	0.00124162
3.6	0	4.867667	1.434015	0.0007429945
3.7	0	4.867651	1.434011	0.001264687
3.8	0	4.867628	1.434016	0.001320723
3.9	0	4.867609	1.434015	0.0009329557
4	0	4.867583	1.434014	0.0007517952
4.1	0	4.867566	1.434012	0.00121287
4.2	0	4.867548	1.434015	0.001002749
4.3	0	4.867528	1.434012	0.0008073294
4.4	0	4.867511	1.434017	0.0007208509
4.5	0	4.867504	1.43401	0.001128718
4.6	0	4.867483	1.434013	0.001184152
4.7	0	4.867468	1.434012	0.001014007
4.8	0	4.86745	1.434012	0.001210542
4.9	0	4.867433	1.43401	0.001439026
5	0	4.867415	1.434012	0.001229852
5.1	0	4.867396	1.434009	0.00137033
5.2	0	4.867375	1.434012	0.001178928
5.3	0	4.867347	1.434011	0.001247886
5.4	0	4.86733	1.434009	0.001426257
5.5	0	4.867321	1.434008	0.001509751
5.6	0	4.867301	1.434009	0.001341315
5.7	0	4.867278	1.43401	0.001231401
5.8	0	4.86726	1.434007	0.001591696
5.9	0	4.86724	1.43401	0.001518694
6	0	4.867215	1.434009	0.001265341
6.1	0	4.867199	1.434009	0.001070546
6.2	0	4.867174	1.434007	0.001278208
6.3	0	4.867154	1.43401	0.001060081
6.4	0	4.867139	1.434008	0.0009086133
6.5	0	4.867115	1.434011	0.0009111009
6.6	0	4.867087	1.434008	0.0008963411
6.7	0	4.867065	1.434008	0.0007181869
6.8	0	4.867054	1.434006	0.001327798
6.9	0	4.867033	1.434013	0.0009608801
7	0	4.867013	1.434011	0.0008388471
7.1	0	4.866992	1.434002	0.001125381
7.2	0	4.86697	1.434001	0.0009256577
7.3	0	4.866946	1.434005	0.0006977958
7.4	0	4.866929	1.434007	0.0009147123
7.5	0	4.866914	1.434005	0.00118571
7.6	0	4.866893	1.434008	0.001414843
7.7	0	4.866868	1.434007	0.001374095
7.8	0	4.866845	1.434008	0.001274177
7.9	0	4.866828	1.434006	0.001311925
8	0	4.866812	1.434005	0.001200196
8.1	0	4.866787	1.434006	0.001049525
8.2	0	4.866764	1.434003	0.0009351126
8.3	0	4.86674	1.434006	0.0007698694
8.4	0	4.866724	1.434003	0.0007188008
8.5	0	4.866701	1.434008	0.0007325882
8.6	0	4.866684	1.433997	0.001283957
8.7	0	4.866663	1.434001	0.001242541
8.8	0	4.866641	1.434001	0.00140921
8.9	0	4.866623	1.434003	0.001351926
9	0	4.866605	1.434	0.00130295
9.1	0	4.866588	1.434002	0.0009694471
9.2	0	4.86657	1.433996	0.001414685
9.3	0	4.86655	1.434003	0.001368981
9.4	0	4.866532	1.433998	0.001571014
9.5	0	4.866508	1.434003	0.001408263
9.6	0	4.86649	1.434001	0.001360418
9.7	0	4.866472	1.434001	0.001604325
9.8	0	4.866447	1.434006	0.0009253622
9.9	0	4.866428	1.434	0.001046722
10	0	4.866399	1.434001	0.000959355
10.1	0	4.86638	1.433999	0.001010577
10.2	0	4.866357	1.433998	0.0008909869
10.3	0	4.866336	1.434002	0.001190603
10.4	0	4.866318	1.433998	0.001429902
10.5	0	4.866296	1.434	0.001269664
10.6	0	4.866272	1.433999	0.001038575
10.7	0	4.866256	1.433998	0.0008970752
10.8	0	4.86623	1.433998	0.0009564558
10.9	0	4.866208	1.433998	0.0008013011
11	0	4.866189	1.433998	0.0007747372
11.1	0	4.866171	1.433997	0.0008416862
11.2	0	4.866148	1.433997	0.0007952221
11.3	0	4.866121	1.433995	0.0009650583
11.4	0	4.866103	1.433998	0.0008662741
11.5	0	4.866085	1.433999	0.001119549
11.6	0	4.866064	1.433996	0.001096393
11.7	0	4.866045	1.433994	0.001134731
11.8	0	4.86602	1.433995	0.001238805
11.9	0	4.86599	1.433995	0.000559897
12	0	4.865971	1.433997	0.0006415064
12.1	0	4.865952	1.434001	0.00071671
12.2	0	4.86593	1.434	0.0008835336
12.3	0	4.865918	1.433997	0.001446498
12.4	0	4.8659	1.433996	0.001443361
12.5	0	4.865883	1.433995	0.001354608
12.6	0	4.865865	1.433993	0.001161356
12.7	0	4.865835	1.433998	0.001455926
12.8	0	4.865818	1.433994	0.001820962
12.9	0	4.865791	1.433996	0.0009384167
13	0	4.865763	1.433995	0.0006056079
13.1	0	4.865745	1.433995	0.000540524
13.2	0	4.865724	1.433991	0.0007767714
13.3	0	4.865701	1.433991	0.0007762823
13.4	0	4.865677	1.433993	0.0007172174
13.5	0	4.865656	1.433991	0.000881393
13.6	0	4.865643	1.433992	0.001439387
13.7	0	4.865623	1.433992	0.001379509
13.8	0	4.865607	1.433994	0.001251558
13.9	0	4.865588	1.433995	0.001373218
14	0	4.865566	1.433992	0.001170365
14.1	0	4.865542	1.433993	0.001122593
14.2	0	4.865521	1.433988	0.001221134
14.3	0	4.865497	1.433989	0.0008703722
14.4	0	4.86548	1.43399	0.0008895571
14.5	0	4.865452	1.433993	0.0008843107
14.6	0	4.865435	1.43399	0.001103104
14.7	0	4.865416	1.433993	0.001242282
14.8	0	4.865395	1.433991	0.0009278156
14.9	0	4.865372	1.433989	0.0007580154
15	0	4.865349	1.433992	0.0008014953
15.1	0	4.865325	1.433992	0.0008513124
15.2	0	4.865306	1.433987	0.001120656
15.3	0	4.865288	1.433989	0.001259487
15.4	0	4.865267	1.433986	0.00133352
15.5	0	4.865242	1.433991	0.0009817452
15.6	0	4.865226	1.433987	0.0009963603
15.7	0	4.865203	1.433985	0.001193444
15.8	0	4.865181	1.433991	0.000902212
15.9	0	4.865165	1.433988	0.001150518
16	0	4.865143	1.433988	0.0009160689
16.1	0	4.865122	1.433989	0.0007852396
16.2	0	4.865098	1.433991	0.0009148655
16.3	0	4.865075	1.433987	0.0009213709
16.4	0	4.865056	1.433989	0.0007908947
16.5	0	4.865033	1.433987	0.001294955
16.6	0	4.865017	1.433985	0.001409042
16.7	0	4.864991	1.433985	0.001375127
16.8	0	4.864978	1.433986	0.001592562
16.9	0	4.864948	1.433987	0.001385221
17	0	4.864932	1.433986	0.001132638
17.1	0	4.864912	1.433989	0.001091778
17.2	0	4.864889	1.433986	0.0009992979
17.3	0	4.864865	1.433987	0.001022759
17.4	0	4.864844	1.433984	0.001019222
17.5	0	4.864817	1.433986	0.0006995876
17.6	0	4.864799	1.433983	0.001048056
17.7	0	4.864781	1.433985	0.0008206589
17.8	0	4.864762	1.433981	0.001100195
17.9	0	4.864742	1.433985	0.00095966
18	0	4.864718	1.433986	0.0009717846
18.1	0	4.864699	1.433986	0.001243953
18.2	0	4.86468	1.433983	0.001088644
18.3	0	4.864652	1.433982	0.001253698
18.4	0	4.864635	1.433981	0.001434304
18.5	0	4.864614	1.433985	0.001376354
18.6	0	4.864591	1.433979	0.001409648
18.7	0	4.864573	1.433986	0.001473512
18.8	0	4.864558	1.433978	0.001473575
18.9	0	4.864532	1.433984	0.001335459
19	0	4.864518	1.433981	0.001142017
19.1	0	4.864497	1.43398	0.001537542
19.2	0	4.864471	1.433983	0.001400059
19.3	0	4.864446	1.433983	0.0004984791
19.4	0	4.864422	1.433983	0.0004564402
19.5	0	4.864403	1.433981	0.0006699189
19.6	0	4.864384	1.433979	0.001159219
19.7	0	4.86436	1.433982	0.001480115
19.8	0	4.864333	1.43398	0.001345202
19.9	0	4.864322	1.433977	0.001313777
20	0	4.864305	1.433982	0.001668399
20.1	0	4.864286	1.433982	0.001384568
20.2	0	4.864265	1.433984	0.001241391
20.3	0	4.864242	1.433981	0.0009844449
20.4	0	4.864225	1.433983	0.0005598338
20.5	0	4.864205	1.43398	0.0004794562
20.6	0	4.864179	1.433983	0.0005042943
20.7	0	4.864158	1.433979	0.0007600391
20.8	0	4.864133	1.433973	0.001123601
20.9	0	4.864106	1.433981	0.0009531626
21	0	4.864089	1.433975	0.0008298517
21.1	0	4.864069	1.433976	0.001281991
21.2	0	4.864048	1.433976	0.001185936
21.3	0	4.864033	1.433974	0.0017533
21.4	0	4.864029	1.433977	0.002015532
21.5	0	4.864065	1.433976	0.002243901
21.6	0	4.864121	1.433974	0.002348169
21.7	0	4.864186	1.433977	0.00114874
21.8	0	4.864275	1.433973	0.001747151
21.9	0	4.864461	1.433975	0.003135347
22	0	4.865198	1.433978	0.01494773
22.1	0	4.868798	1.434018	0.06084913
22.2	0	4.879288	1.434127	0.1517471
22.3	0	4.901384	1.434359	0.2899737
22.4	0	4.939853	1.434775	0.4761736
22.5	0	4.999331	1.43541	0.7078229
22.6	0	5.084422	1.436326	0.9827709
22.7	0	5.199309	1.437562	1.303797
22.8	0	5.348598	1.439177	1.666828
22.9	0	5.536272	1.441212	2.068715
23	0	5.766115	1.443713	2.508029
23.1	0	6.041702	1.446718	2.981181
23.2	0	6.366359	1.450268	3.486602
23.3	0	6.742967	1.454399	4.015264
23.4	0	7.172069	1.459118	4.533951
23.5	0	7.652245	1.464413	5.038183
23.6	0	8.182121	1.47027	5.52935
23.7	0	8.76044	1.476681	6.008494
23.8	0	9.386056	1.483637	6.476883
23.9	0	10.05793	1.491127	6.935531
24	0	10.77513	1.499154	7.38534
24.1	0	11.53678	1.507713	7.827024
24.2	0	12.3421	1.516863	8.25999
24.3	0	13.18991	1.527644	8.680668
24.4	0	14.07955	1.541375	9.099635
24.5	0	15.01207	1.558655	9.530318
24.6	0	15.99068	1.580544	9.973403
24.7	0	17.01685	1.615086	10.40783
24.8	0	18.08843	1.669174	10.84951
24.9	0	19.19958	1.752963	11.27275
25	0	20.34329	1.878856	11.64498
25.1	0	21.51393	2.052878	11.97268
25.2	0	22.70635	2.278206	12.27137
25.3	0	23.91556	2.555095	12.53698
25.4	0	25.13718	2.87753	12.75865
25.5	0	26.36899	3.236017	12.95003
25.6	0	27.61181	3.618717	13.11811
25.7	0	28.86844	4.008574	13.25981
25.8	0	30.14237	4.389694	13.39561
25.9	0	31.43711	4.751925	13.54735
26	0	32.7559	5.086177	13.70707
26.1	0	34.10057	5.384934	13.88646
26.2	0	35.47246	5.647377	14.09672
26.3	0	36.87196	5.876818	14.31671
26.4	0	38.2965	6.086113	14.55441
26.5	0	39.74402	6.302284	14.80847
26.6	0	41.21102	6.549868	15.04124
26.7	0	42.69161	6.844034	15.25009
26.8	0	44.18023	7.19258	15.42601
26.9	0	45.67139	7.594782	15.55977
27	0	47.16005	8.04775	15.66074
27.1	0	48.64321	8.548746	15.74371
27.2	0	50.12113	9.084762	15.78549
27.3	0	51.59663	9.636909	15.80168
27.4	0	53.07238	10.19233	15.81148
27.5	0	54.55091	10.74559	15.83363
27.6	0	56.03715	11.28527	15.84549
27.7	0	57.53657	11.79259	15.85856
27.8	0	59.05247	12.25799	15.89985
27.9	0	60.58664	12.68187	15.96302
28	0	62.14043	13.06361	16.02467
28.1	0	63.71437	13.40307	16.08936
28.2	0	65.30869	13.70531	16.16217
28.3	0	66.92355	13.97727	16.24733
28.4	0	68.55925	14.22397	16.35179
28.5	0	70.21497	14.4501	16.48325
28.6	0	71.88946	14.66974	16.67111
28.7	0	73.58187	14.89808	16.88865
28.8	0	75.28922	15.13932	17.09586
28.9	0	77.0062	15.40117	17.31271
29	0	78.72728	15.69713	17.51936
29.1	0	80.44442	16.03064	17.68704
29.2	0	82.14819	16.40061	17.83209
29.3	0	83.82835	16.80436	17.95098
29.4	0	85.47316	17.23676	18.05136
29.5	0	87.06867	17.6929	18.14501
29.6	0	88.59872	18.1668	18.23079
29.7	0	90.04498	18.65086	18.31086
29.8	0	91.38828	19.14079	18.38881
29.9	0	92.61859	19.62843	18.45037
30	0	93.73972	20.10433	18.48843
30.1	0	94.75589	20.56383	18.54115
30.2	0	95.66309	21.00642	18.61316
30.3	0	96.45148	21.43636	18.68808
30.4	0	97.09911	21.86178	18.77804
30.5	0	97.57599	22.29457	18.87829
30.6	0	97.85441	22.74692	18.98142
30.7	0	97.91771	23.22554	19.0709
30.8	0	97.75999	23.73246	19.15429
30.9	0	97.38505	24.26698	19.22909
31	0	96.81048	24.82175	19.27982
31.1	0	96.06093	25.38618	19.30791
31.2	0	95.15954	25.95033	19.32348
31.3	0	94.12729	26.50488	19.32593
31.4	0	92.98109	27.04246	19.32656
31.5	0	91.72897	27.56154	19.34021
31.6	0	90.37414	28.06441	19.36559
31.7	0	88.91769	28.55623	19.40459
31.8	0	87.36108	29.04441	19.45334
31.9	0	85.7092	29.53691	19.51063
32	0	83.9723	30.04005	19.56796
32.1	0	82.16651	30.55743	19.62082
32.2	0	80.31128	31.09047	19.66986
32.3	0	78.42742	31.63725	19.70755
32.4	0	76.53489	32.19358	19.7344
32.5	0	74.65069	32.75451	19.75235
32.6	0	72.78886	33.31434	19.76076
32.7	0	70.9612	33.86884	19.76768
32.8	0	69.17821	34.41524	19.77327
32.9	0	67.4511	34.9528	19.78407
33	0	65.79266	35.48325	19.80184
33.1	0	64.21719	36.0092	19.82378
33.2	0	62.74081	36.53435	19.85222
33.3	0	61.38049	37.06247	19.88369
33.4	0	60.15173	37.59602	19.91345
33.5	0	59.0684	38.13667	19.94315
33.6	0	58.14101	38.68461	19.96785
33.7	0	57.37594	39.23851	19.98823
33.8	0	56.77644	39.79629	20.00281
33.9	0	56.34302	40.3554	20.01321
34	0	56.07488	40.91354	20.02102
34.1	0	55.97022	41.46857	20.02622
34.2	0	56.02853	42.01983	20.03462
34.3	0	56.24961	42.56734	20.04341
34.4	0	56.63325	43.11177	20.0549
34.5	0	57.17994	43.65492	20.07037
34.6	0	57.88861	44.1984	20.08674
34.7	0	58.75608	44.7436	20.10396
34.8	0	59.77757	45.29188	20.12194
34.9	0	60.94528	45.84361	20.13726
35	0	62.24913	46.39851	20.15105
35.1	0	63.67757	46.95593	20.16212
35.2	0	65.21784	47.51479	20.17124
35.3	0	66.85651	48.07376	20.17766
35.4	0	68.58015	48.6319	20.1838
35.5	0	70.3754	49.18856	20.18934
35.6	0	72.2287	49.74335	20.19522
35.7	0	74.12653	50.29655	20.2028
35.8	0	76.05488	50.84879	20.21134
35.9	0	77.99929	51.40071	20.22072
36	0	79.94467	51.95314	20.23108
36.1	0	81.87565	52.50682	20.24186
36.2	0	83.77688	53.06197	20.25124
36.3	0	85.63306	53.61872	20.26053
36.4	0	87.42955	54.17694	20.26861
36.5	0	89.1527	54.73601	20.27492
36.6	0	90.78944	55.29551	20.28098
36.7	0	92.32781	55.85489	20.28555
36.8	0	93.75667	56.41363	20.28994
36.9	0	95.06541	56.97166	20.29493
37	0	96.24425	57.52886	20.29951
37.1	0	97.28395	58.08551	20.30557
37.2	0	98.17616	58.64184	20.31097
37.3	0	98.91333	59.19826	20.31764
37.4	0	99.48904	59.75513	20.32415
37.5	0	99.89867	60.31253	20.33024
37.6	0	100.1384	60.87078	20.33716
37.7	0	100.2067	61.42965	20.34177
37.8	0	100.1033	61.98902	20.3472
37.9	0	99.82919	62.5488	20.35161
38	0	99.38718	63.10844	20.35505
38.1	0	98.78062	63.66804	20.35975
38.2	0	98.01453	64.22725	20.36247
38.3	0	97.0947	64.78608	20.3668
38.4	0	96.02775	65.3447	20.37052
38.5	0	94.82188	65.90315	20.37431
38.6	0	93.4856	66.46161	20.37949
38.7	0	92.02906	67.02007	20.38289
38.8	0	90.46313	67.57877	20.38813
38.9	0	88.79958	68.13794	20.39188
39	0	87.0513	68.69725	20.3957
39.1	0	85.23144	69.25687	20.40019
39.2	0	83.35405	69.81649	20.40255
39.3	0	81.43347	70.37637	20.40673
39.4	0	79.48409	70.93623	20.40916
39.5	0	77.52084	71.49583	20.41214
39.6	0	75.55843	72.05544	20.41565
39.7	0	73.61169	72.61469	20.41768
39.8	0	71.6953	73.1739	20.42175
39.9	0	69.82378	73.73312	20.42426
40	0	68.01132	74.29236	20.4277
40.1	0	66.27183	74.85159	20.4312
40.2	0	64.61835	75.41082	20.43351
40.3	0	63.06367	75.97044	20.43741
40.4	0	61.61942	76.53005	20.43958
40.5	0	60.29648	77.08973	20.44277
40.6	0	59.10498	77.64972	20.44543
40.7	0	58.05358	78.20934	20.44733
40.8	0	57.15042	78.76895	20.4505
40.9	0	56.40217	79.32856	20.45216
41	0	55.81446	79.88817	20.45515
41.1	0	55.39194	80.44777	20.45753
41.2	0	55.13758	81.00711	20.45958
41.3	0	55.0537	81.56672	20.46255
41.4	0	55.14082	82.12633	20.46432
41.5	0	55.39835	82.68594	20.46727
41.6	0	55.82455	83.24555	20.46956
41.7	0	56.416	83.80517	20.47161
41.8	0	57.16843	84.36478	20.47411
41.9	0	58.07605	84.92439	20.47575
42	0	59.13201	85.48401	20.47819
42.1	0	60.32839	86.04362	20.48011
42.2	0	61.65613	86.60323	20.48201
42.3	0	63.10534	87.16283	20.4841
42.4	0	64.66509	87.72244	20.48588
42.5	0	66.32373	88.28206	20.48795
42.6	0	68.06878	88.84167	20.48991
42.7	0	69.88716	89.40128	20.49179
42.8	0	71.76523	89.96089	20.49374
42.9	0	73.68887	90.52051	20.4957
43	0	75.64355	91.08012	20.49734
43.1	0	77.61465	91.63973	20.49934
43.2	0	79.5873	92.19935	20.50084
43.3	0	81.54675	92.75896	20.50252
43.4	0	83.47826	93.31857	20.5044
43.5	0	85.36735	93.87818	20.50563
43.6	0	87.19979	94.4378	20.50772
43.7	0	88.96188	94.99741	20.50882
43.8	0	90.64034	95.55701	20.51045
43.9	0	92.22254	96.11662	20.51228
44	0	93.69675	96.67599	20.51338
44.1	0	95.05169	97.23558	20.51565
44.2	0	96.27733	97.79509	20.51641
44.3	0	97.36442	98.35449	20.51818
44.4	0	98.30469	98.9141	20.51972
44.5	0	99.09132	99.4734	20.52071
44.6	0	99.71811	100.033	20.52296
44.7	0	100.1806	100.5924	20.52342
44.8	0	100.4753	101.1517	20.52534
44.9	0	100.5997	101.7111	20.52646
45	0	100.5535	102.2703	20.52746
45.1	0	100.3363	102.8296	20.52962
45.2	0	99.95012	103.3888	20.52996
45.3	0	99.39777	103.948	20.53209
45.4	0	98.68322	104.5073	20.53284
45.5	0	97.8121	105.0665	20.53407
45.6	0	96.79053	105.6257	20.53598
45.7	0	95.62651	106.185	20.53626
45.8	0	94.3285	106.7442	20.53848
45.9	0	92.90624	107.3034	20.53893
46	0	91.37054	107.8625	20.54043
46.1	0	89.7326	108.4218	20.5419
46.2	0	88.00493	108.9807	20.54225
46.3	0	86.2003	109.5398	20.54441
46.4	0	84.33215	110.0989	20.54466
46.5	0	82.4146	110.6577	20.54638
46.6	0	80.46182	111.2168	20.5475
46.7	0	78.48855	111.7756	20.54807
46.8	0	76.50945	112.3345	20.55002
46.9	0	74.53923	112.8933	20.55023
47	0	72.59277	113.4522	20.55207
47.1	0	70.68455	114.011	20.55291
47.2	0	68.82884	114.5699	20.55375
47.3	0	67.03953	115.1287	20.55535
47.4	0	65.32989	115.6876	20.55554
47.5	0	63.71279	116.2464	20.55737
47.6	0	62.20033	116.8053	20.55803
47.7	0	60.8037	117.3641	20.55907
47.8	0	59.53352	117.923	20.56036
47.9	0	58.39906	118.4816	20.56068
48	0	57.40896	119.0403	20.56234
48.1	0	56.57057	119.599	20.56289
48.2	0	55.89009	120.1575	20.56409
48.3	0	55.37278	120.7159	20.56518
48.4	0	55.02229	121.2744	20.56568
48.5	0	54.84144	121.8329	20.56709
48.6	0	54.83146	122.3913	20.56759
48.7	0	54.99252	122.9498	20.56882
48.8	0	55.32346	123.5083	20.56976
48.9	0	55.82168	124.0668	20.57041
49	0	56.48361	124.6252	20.57156
49.1	0	57.30426	125.1837	20.57212
49.2	0	58.27752	125.7422	20.57322
49.3	0	59.39616	126.3006	20.57402
49.4	0	60.65182	126.8591	20.57478
49.5	0	62.03515	127.4176	20.57569
49.6	0	63.53588	127.976	20.57639
49.7	0	65.14278	128.5345	20.57724
49.8	0	66.84389	129.093	20.57801
49.9	0	68.62654	129.6515	20.57879
50	0	70.47742	130.2099	20.57951
50.1	0	72.38279	130.7684	20.58041
50.2	0	74.32841	131.3269	20.58094
50.3	0	76.29976	131.8853	20.58183
50.4	0	78.28219	132.4438	20.58241
50.5	0	80.26089	133.0023	20.58303
50.6	0	82.22112	133.5607	20.58401
50.7	0	84.14828	134.1192	20.58433
50.8	0	86.02802	134.6777	20.58548
50.9	0	87.84637	135.2361	20.58569
51	0	89.58978	135.7946	20.58639
51.1	0	91.24515	136.3531	20.58729
51.2	0	92.80029	136.9116	20.5875
51.3	0	94.24348	137.47	20.58883
51.4	0	95.56404	138.0285	20.58874
51.5	0	96.75212	138.587	20.58965
51.6	0	97.79882	139.1454	20.59025
51.7	0	98.69656	139.7039	20.5905
51.8	0	99.43832	140.2623	20.59186
51.9	0	100.0189	140.8205	20.59161
52	0	100.4337	141.3786	20.59277
52.1	0	100.6797	141.9369	20.59303
52.2	0	100.7552	142.4946	20.59341
52.3	0	100.6594	143.0529	20.5947
52.4	0	100.3933	143.6106	20.59441
52.5	0	99.95871	144.1683	20.59505
52.6	0	99.35898	144.7259	20.57213
52.7	0	98.59987	145.2825	20.51966
52.8	0	97.6879	145.8373	20.46095
52.9	0	96.63142	146.3898	20.40197
53	0	95.43897	146.9397	20.34638
53.1	0	94.12025	147.4866	20.28251
53.2	0	92.68667	148.03	20.20757
53.3	0	91.14915	148.5699	20.13546
53.4	0	89.52023	149.1059	20.0496
53.5	0	87.81351	149.638	19.95899
53.6	0	86.04232	150.1659	19.86603
53.7	0	84.22169	150.6893	19.75828
53.8	0	82.36626	151.2081	19.65347
53.9	0	80.49057	151.722	19.55057
54	0	78.60916	152.2313	19.45326
54.1	0	76.73642	152.7359	19.3579
54.2	0	74.88706	153.2357	19.26646
54.3	0	73.07555	153.7311	19.17934
54.4	0	71.31609	154.2222	19.09381
54.5	0	69.62278	154.7091	19.01336
54.6	0	68.00919	155.1922	18.93544
54.7	0	66.48829	155.6715	18.85947
54.8	0	65.07265	156.1474	18.7881
54.9	0	63.77387	156.6199	18.71817
55	0	62.60247	157.0891	18.65101
55.1	0	61.56837	157.5554	18.58709
55.2	0	60.67986	158.0186	18.52412
55.3	0	59.94424	158.479	18.46464
55.4	0	59.36769	158.9366	18.40725
55.5	0	58.95456	159.3914	18.35081
55.6	0	58.7082	159.8436	18.29786
55.7	0	58.63052	160.2933	18.24654
55.8	0	58.72155	160.7405	18.19633
55.9	0	58.98034	161.1853	18.14915
56	0	59.40422	161.6279	18.10323
56.1	0	59.98881	162.0684	18.05872
56.2	0	60.72867	162.5069	18.01672
56.3	0	61.61664	162.9434	17.97565
56.4	0	62.64399	163.3781	17.93604
56.5	0	63.80106	163.8111	17.89856
56.6	0	65.07667	164.2424	17.86178
56.7	0	66.45841	164.672	17.82631
56.8	0	67.93309	165.1002	17.79276
56.9	0	69.48641	165.5268	17.75977
57	0	71.10322	165.952	17.72798
57.1	0	72.76792	166.3758	17.69792
57.2	0	74.46438	166.7983	17.66826
57.3	0	76.17597	167.2193	17.63977
57.4	0	77.88602	167.6393	17.61302
57.5	0	79.57787	168.058	17.58625
57.6	0	81.23481	168.4755	17.56073
57.7	0	82.8405	168.892	17.53702
57.8	0	84.37926	169.3074	17.51268
57.9	0	85.83582	169.7217	17.48981
58	0	87.19564	170.1352	17.46875
58.1	0	88.44548	170.5477	17.4465
58.2	0	89.57284	170.9593	17.42593
58.3	0	90.56634	171.3702	17.40717
58.4	0	91.41642	171.7801	17.38674
58.5	0	92.11461	172.1892	17.36822
58.6	0	92.65364	172.5977	17.35146
58.7	0	93.02863	173.0053	17.33272
58.8	0	93.23584	173.4121	17.31615
58.9	0	93.273	173.8184	17.30111
59	0	93.14024	174.2238	17.28389
59.1	0	92.83898	174.6287	17.26915
59.2	0	92.37199	175.033	17.25553
59.3	0	91.74476	175.4366	17.23972
59.4	0	90.96372	175.8395	17.22663
59.5	0	90.03654	176.2422	17.2142
59.6	0	88.97351	176.6441	17.19968
59.7	0	87.78548	177.0454	17.18806
59.8	0	86.48454	177.4467	17.17664
59.9	0	85.08477	177.8472	17.16323
60	0	83.60053	178.2472	17.15289
60.1	0	82.04717	178.6469	17.14239
60.2	0	80.44122	179.0461	17.13001
60.3	0	78.79936	179.4452	17.12078
60.4	0	77.13862	179.8439	17.11111
60.5	0	75.47663	180.2422	17.09973
60.6	0	73.83073	180.6404	17.09144
60.7	0	72.21813	181.038	17.08253
60.8	0	70.6558	181.4354	17.07205
60.9	0	69.16027	181.8322	17.06452
61	0	67.74726	182.2289	17.0563
61.1	0	66.4315	182.6256	17.04667
61.2	0	65.22707	183.0224	17.03969
61.3	0	64.14668	183.4187	17.03211
61.4	0	63.20143	183.8147	17.02324
61.5	0	62.4016	184.2106	17.01672
61.6	0	61.75567	184.6066	17.00969
61.7	0	61.27017	185.0022	17.0015
61.8	0	60.95041	185.3974	16.99531
61.9	0	60.79982	185.7926	16.98878
62	0	60.81962	186.1878	16.98118
62.1	0	61.00975	186.5831	16.9752
62.2	0	61.36826	186.9783	16.96913
62.3	0	61.89093	187.3735	16.96208
62.4	0	62.57222	187.7687	16.95624
62.5	0	63.405	188.1639	16.95057
62.6	0	64.38001	188.5591	16.94401
62.7	0	65.48679	188.9539	16.93831
62.8	0	66.7136	189.3491	16.933
62.9	0	68.04703	189.7439	16.92684
63	0	69.47267	190.1384	16.92122
63.1	0	70.97536	190.5332	16.91626
63.2	0	72.53877	190.9278	16.9104
63.3	0	74.14594	191.3222	16.90484
63.4	0	75.77963	191.7167	16.90021
63.5	0	77.42227	192.1111	16.89459
63.6	0	79.05602	192.5056	16.88909
63.7	0	80.66332	192.9	16.88476
63.8	0	82.22684	193.2944	16.87935
63.9	0	83.72977	193.6889	16.87385
64	0	85.15569	194.0834	16.86987
64.1	0	86.48942	194.4778	16.86469
64.2	0	87.7166	194.8717	16.85925
64.3	0	88.82375	195.266	16.85561
64.4	0	89.79903	195.6601	16.85066
64.5	0	90.63222	196.0538	16.84525
64.6	0	91.31387	196.4475	16.84197
64.7	0	91.83681	196.8411	16.83725
64.8	0	92.19581	197.2348	16.83188
64.9	0	92.38651	197.6285	16.82889
65	0	92.40691	198.0222	16.82439
65.1	0	92.25738	198.4151	16.8191
65.2	0	91.939	198.8083	16.8164
65.3	0	91.45535	199.2014	16.81213
65.4	0	90.81226	199.5943	16.80357
65.5	0	90.01696	199.9869	16.77012
65.6	0	89.07951	200.3783	16.72741
65.7	0	88.01132	200.7679	16.68432
65.8	0	86.82427	201.1559	16.64417
65.9	0	85.53248	201.5416	16.58396
66	0	84.15195	201.9241	16.51955
66.1	0	82.69786	202.3035	16.45582
66.2	0	81.18742	202.6792	16.37454
66.3	0	79.63817	203.0503	16.29351
66.4	0	78.06695	203.4171	16.21821
66.5	0	76.4906	203.7796	16.14537
66.6	0	74.92641	204.1373	16.07332
66.7	0	73.39146	204.4906	16.00681
66.8	0	71.90253	204.84	15.94352
66.9	0	70.47617	205.1853	15.8811
67	0	69.12842	205.5268	15.82272
67.1	0	67.87478	205.8651	15.76812
67.2	0	66.72945	206.2001	15.71457
67.3	0	65.70555	206.5321	15.66091
67.4	0	64.81602	206.861	15.58853
67.5	0	64.07166	207.1866	15.51425
67.6	0	63.48013	207.5085	15.44049
67.7	0	63.04767	207.8267	15.3712
67.8	0	62.77863	208.1412	15.30495
67.9	0	62.67492	208.4515	15.22636
68	0	62.73676	208.7571	15.14592
68.1	0	62.96267	209.0583	15.07004
68.2	0	63.34866	209.3548	14.99657
68.3	0	63.88867	209.6462	14.92463
68.4	0	64.5757	209.933	14.85809
68.5	0	65.40081	210.2153	14.79543
68.6	0	66.35278	210.4931	14.73323
68.7	0	67.41916	210.7664	14.67495
68.8	0	68.58634	211.036	14.62168
68.9	0	69.8389	211.3018	14.57022
69	0	71.15984	211.5637	14.51856
69.1	0	72.53169	211.8223	14.47235
69.2	0	73.93614	212.0778	14.42939
69.3	0	75.35406	212.3302	14.38573
69.4	0	76.76596	212.5793	14.34401
69.5	0	78.15277	212.8258	14.30697
69.6	0	79.49552	213.0694	14.27177
69.7	0	80.77576	213.31	14.23465
69.8	0	81.97585	213.5479	14.20151
69.9	0	83.07925	213.7832	14.17191
70	0	84.07084	214.0159	14.14249
70.1	0	84.93704	214.2457	14.11205
70.2	0	85.66568	214.473	14.08618
70.3	0	86.24651	214.698	14.06299
70.4	0	86.67181	214.9204	14.03804
70.5	0	86.93579	215.1404	14.01396
70.6	0	87.03452	215.3583	13.99409
70.7	0	86.96669	215.574	13.97598
70.8	0	86.73382	215.7875	13.95461
70.9	0	86.3394	215.9989	13.93592
71	0	85.78892	216.2085	13.92088
71.1	0	85.09054	216.4162	13.90609
71.2	0	84.25496	216.6219	13.88832
71.3	0	83.29423	216.8258	13.87416
71.4	0	82.22219	217.0281	13.86296
71.5	0	81.05479	217.2286	13.8504
71.6	0	79.80939	217.4274	13.83608
71.7	0	78.50407	217.6246	13.82581
71.8	0	77.15781	217.8203	13.81754
71.9	0	75.79062	218.0143	13.80651
72	0	74.42276	218.2069	13.79532
72.1	0	73.07413	218.398	13.788
72.2	0	71.76458	218.5879	13.78188
72.3	0	70.51357	218.7763	13.77179
72.4	0	69.3396	218.9635	13.7633
72.5	0	68.25983	219.1494	13.75797
72.6	0	67.29018	219.3342	13.75303
72.7	0	66.44514	219.5177	13.74389
72.8	0	65.737	219.7002	13.73748
72.9	0	65.17612	219.8815	13.73361
73	0	64.7708	220.0618	13.72894
73.1	0	64.52703	220.2409	13.72097
73.2	0	64.44821	220.419	13.716
73.3	0	64.53537	220.5961	13.71327
73.4	0	64.7872	220.7721	13.70835
73.5	0	65.19989	220.9471	13.70144
73.6	0	65.76705	221.121	13.69756
73.7	0	66.4803	221.2939	13.69535
73.8	0	67.3291	221.4657	13.69
73.9	0	68.30071	221.6364	13.68385
74	0	69.38068	221.8061	13.68075
74.1	0	70.55315	221.9746	13.67868
74.2	0	71.8008	222.142	13.67278
74.3	0	73.10517	222.3082	13.66738
74.4	0	74.4472	222.4733	13.66475
74.5	0	75.8073	222.6371	13.66284
74.6	0	77.16539	222.7996	13.65662
74.7	0	78.50171	222.9609	13.65199
74.8	0	79.79705	223.1208	13.64981
74.9	0	81.03258	223.2792	13.6479
75	0	82.19012	223.4362	13.64179
75.1	0	83.25327	223.5919	13.63787
75.2	0	84.20687	223.7459	13.63656
75.3	0	85.03713	223.8983	13.6342
75.4	0	85.73192	224.0492	13.62853
75.5	0	86.28181	224.1983	13.62541
75.6	0	86.67914	224.3456	13.62498
75.7	0	86.91803	224.4911	13.62192
75.8	0	86.99512	224.6348	13.61663
75.9	0	86.91	224.7764	13.61471
76	0	86.66401	224.9159	13.61524
76.1	0	86.26035	225.0533	13.61168
76.2	0	85.70501	225.1887	13.60693
76.3	0	85.00639	225.3216	13.60616
76.4	0	84.17436	225.4519	13.60737
76.5	0	83.22047	225.5799	13.60387
76.6	0	82.15833	225.7052	13.60071
76.7	0	81.00294	225.8275	13.60097
76.8	0	79.77029	225.9468	13.60187
76.9	0	78.47761	226.0633	13.59808
77	0	77.14264	226.1764	13.59733
77.1	0	75.78352	226.2856	13.60014
77.2	0	74.41885	226.3911	13.60213
77.3	0	73.06734	226.4928	13.60154
77.4	0	71.74673	226.5907	13.6062
77.5	0	70.47407	226.6846	13.61847
77.6	0	69.26645	226.7745	13.63377
77.7	0	68.14117	226.8603	13.64746
77.8	0	67.11456	226.9417	13.6633
77.9	0	66.20157	227.0189	13.68405
78	0	65.41454	227.093	13.70103
78.1	0	64.76081	227.1647	13.71708
78.2	0	64.24593	227.2346	13.74083
78.3	0	63.87834	227.3032	13.77058
78.4	0	63.66881	227.3665	13.79414
78.5	0	63.62491	227.4166	13.81985
78.6	0	63.75335	227.4402	13.86731
78.7	0	64.05937	227.4216	13.94513
78.8	0	64.54537	227.3456	14.05709
78.9	0	65.21004	227.1972	14.22234
79	0	66.04803	226.963	14.45094
79.1	0	67.04958	226.6331	14.74019
79.2	0	68.19926	226.2019	15.08817
79.3	0	69.47598	225.6693	15.49873
79.4	0	70.8535	225.042	15.95184
79.5	0	72.3018	224.3351	16.41704
79.6	0	73.78991	223.5727	16.87993
79.7	0	75.28944	222.7888	17.31618
79.8	0	76.77911	222.0246	17.70163
79.9	0	78.24636	221.3212	18.02738
80	0	79.6862	220.7228	18.28468
80.1	0	81.09987	220.2679	18.45134
80.2	0	82.49574	219.9831	18.51461
80.3	0	83.88998	219.8758	18.47565
80.4	0	85.30493	219.9285	18.33937
80.5	0	86.76429	220.0985	18.1381
80.6	0	88.28722	220.3248	17.92
80.7	0	89.88315	220.5368	17.73261
80.8	0	91.54901	220.6623	17.62293
80.9	0	93.26894	220.6314	17.63553
81	0	95.01145	220.3779	17.78881
81.1	0	96.72649	219.8472	18.10432
81.2	0	98.35019	219.0068	18.58108
81.3	0	99.81145	217.8484	19.19603
81.4	0	101.0384	216.3862	19.92178
81.5	0	101.9641	214.6536	20.72656
81.6	0	102.5287	212.7015	21.56748
81.7	0	102.6851	210.5962	22.40999
81.8	0	102.4025	208.4185	23.21519
81.9	0	101.6702	206.2652	23.92734
82	0	100.5152	204.2451	24.49805
82.1	0	99.04408	202.441	24.89069
82.2	0	97.45555	200.8457	25.14489
82.3	0	95.96282	199.3554	25.37309
82.4	0	94.74904	197.8273	25.6735
82.5	0	93.96558	196.1109	26.06709
82.6	0	93.65954	194.1012	26.55688
82.7	0	93.76563	191.7796	27.11232
82.8	0	94.14714	189.1944	27.72022
82.9	0	94.6265	186.4373	28.32894
83	0	95.00896	183.6249	28.90319
83.1	0	95.10955	180.8819	29.40523
83.2	0	94.77877	178.3248	29.80134
83.3	0	93.92501	176.0497	30.07113
83.4	0	92.52452	174.1274	30.19203
83.5	0	90.61945	172.6085	30.163
83.6	0	88.30488	171.5437	29.9717
83.7	0	85.72485	171.0036	29.5936
83.8	0	83.09249	171.0063	28.9778
83.9	0	80.61756	171.3849	28.28918
84	0	78.4147	171.8762	27.63837
84.1	0	76.49785	172.1962	27.1004
84.2	0	74.78909	172.1226	26.70107
84.3	0	73.15218	171.5744	26.41513
84.4	0	71.43799	170.6427	26.19776
84.5	0	69.55248	169.5692	26.06513
84.6	0	67.50582	168.5868	25.96866
84.7	0	65.40867	167.7871	25.84615
84.8	0	63.40686	167.0962	25.74718
84.9	0	61.63992	166.3491	25.71183
85	0	60.1873	165.3511	25.81802
85.1	0	59.04982	163.9622	26.07046
85.2	0	58.15264	162.1375	26.4577
85.3	0	57.35769	159.9308	26.88714
85.4	0	56.47306	157.4994	27.29066
85.5	0	55.32335	155.0406	27.65748
