Time	Aircraft Simulation Airspeed	Aircraft Simulation Position Z	Aircraft Simulation Altitude	Aircraft Simulation Net Global Force Y
0.1	0.05964156	4.868132	1.43382	0
0.2	0.01254291	4.868027	1.434173	0
0.3	0.009202276	4.868145	1.433989	0
0.4	0.005580948	4.868126	1.434015	0
0.5	0.003588341	4.868119	1.434026	0
0.6	0.00251435	4.868107	1.43402	0
0.7	0.0003332734	4.868094	1.434023	0
0.8	0.001005122	4.868081	1.434021	0
0.9	0.0006402466	4.86807	1.434021	0
1	0.001717252	4.868055	1.434022	0
1.1	0.0001252144	4.868042	1.434019	0
1.2	-3.470798E-05	4.868029	1.434023	0
1.3	-0.001558117	4.868013	1.434021	0
1.4	-0.0001791923	4.867997	1.434021	0
1.5	-0.0006428371	4.867991	1.434016	0
1.6	-0.001433251	4.867969	1.434014	0
1.7	-0.0006768214	4.867946	1.434022	0
1.8	0.0006978971	4.867939	1.43402	0
1.9	0.001496113	4.867924	1.434013	0
2	-0.0005646434	4.867912	1.434024	0
2.1	-0.001125601	4.867909	1.434016	0
2.2	-0.001515097	4.867887	1.434018	0
2.3	-0.0004696274	4.867867	1.434021	0
2.4	0.001123014	4.867857	1.434017	0
2.5	0.0009987078	4.867843	1.434017	0
2.6	-0.0004506174	4.867836	1.434021	0
2.7	0.001022528	4.867823	1.434014	0
2.8	0.0009493623	4.867798	1.434016	0
2.9	0.0004160044	4.867784	1.434017	0
3	0.0009602081	4.867766	1.434013	0
3.1	0.0007329819	4.867744	1.434017	0
3.2	0.001176177	4.86773	1.434016	0
3.3	0.001017556	4.867719	1.434013	0
3.4	0.001137101	4.867698	1.434013	0
3.5	0.00124162	4.867684	1.434016	0
3.6	0.0007429945	4.867667	1.434015	0
3.7	0.001264687	4.867651	1.434011	0
3.8	0.001320723	4.867628	1.434016	0
3.9	0.0009329557	4.867609	1.434015	0
4	0.0007517952	4.867583	1.434014	0
4.1	0.00121287	4.867566	1.434012	0
4.2	0.001002749	4.867548	1.434015	0
4.3	0.0008073294	4.867528	1.434012	0
4.4	0.0007208509	4.867511	1.434017	0
4.5	0.001128718	4.867504	1.43401	0
4.6	0.001184152	4.867483	1.434013	0
4.7	0.001014007	4.867468	1.434012	0
4.8	0.001210542	4.86745	1.434012	0
4.9	0.001439026	4.867433	1.43401	0
5	0.001229852	4.867415	1.434012	0
5.1	0.00137033	4.867396	1.434009	0
5.2	0.001178928	4.867375	1.434012	0
5.3	0.001247886	4.867347	1.434011	0
5.4	0.001426257	4.86733	1.434009	0
5.5	0.001509751	4.867321	1.434008	0
5.6	0.001341315	4.867301	1.434009	0
5.7	0.001231401	4.867278	1.43401	0
5.8	0.001591696	4.86726	1.434007	0
5.9	0.001518694	4.86724	1.43401	0
6	0.001265341	4.867215	1.434009	0
6.1	0.001070546	4.867199	1.434009	0
6.2	0.001278208	4.867174	1.434007	0
6.3	0.001060081	4.867154	1.43401	0
6.4	0.0009086133	4.867139	1.434008	0
6.5	0.0009111009	4.867115	1.434011	0
6.6	0.0008963411	4.867087	1.434008	0
6.7	0.0007181869	4.867065	1.434008	0
6.8	0.001327798	4.867054	1.434006	0
6.9	0.0009608801	4.867033	1.434013	0
7	0.0008388471	4.867013	1.434011	0
7.1	0.001125381	4.866992	1.434002	0
7.2	0.0009256577	4.86697	1.434001	0
7.3	0.0006977958	4.866946	1.434005	0
7.4	0.0009147123	4.866929	1.434007	0
7.5	0.00118571	4.866914	1.434005	0
7.6	0.001414843	4.866893	1.434008	0
7.7	0.001374095	4.866868	1.434007	0
7.8	0.001274177	4.866845	1.434008	0
7.9	0.001311925	4.866828	1.434006	0
8	0.001200196	4.866812	1.434005	0
8.1	0.001049525	4.866787	1.434006	0
8.2	0.0009351126	4.866764	1.434003	0
8.3	0.0007698694	4.86674	1.434006	0
8.4	0.0007188008	4.866724	1.434003	0
8.5	0.0007325882	4.866701	1.434008	0
8.6	0.001283957	4.866684	1.433997	0
8.7	0.001242541	4.866663	1.434001	0
8.8	0.00140921	4.866641	1.434001	0
8.9	0.001351926	4.866623	1.434003	0
9	0.00130295	4.866605	1.434	0
9.1	0.0009694471	4.866588	1.434002	0
9.2	0.001414685	4.86657	1.433996	0
9.3	0.001368981	4.86655	1.434003	0
9.4	0.001571014	4.866532	1.433998	0
9.5	0.001408263	4.866508	1.434003	0
9.6	0.001360418	4.86649	1.434001	0
9.7	0.001604325	4.866472	1.434001	0
9.8	0.0009253622	4.866447	1.434006	0
9.9	0.001046722	4.866428	1.434	0
10	0.000959355	4.866399	1.434001	0
10.1	0.001010577	4.86638	1.433999	0
10.2	0.0008909869	4.866357	1.433998	0
10.3	0.001190603	4.866336	1.434002	0
10.4	0.001429902	4.866318	1.433998	0
10.5	0.001269664	4.866296	1.434	0
10.6	0.001038575	4.866272	1.433999	0
10.7	0.0008970752	4.866256	1.433998	0
10.8	0.0009564558	4.86623	1.433998	0
10.9	0.0008013011	4.866208	1.433998	0
11	0.0007747372	4.866189	1.433998	0
11.1	0.0008416862	4.866171	1.433997	0
11.2	0.0007952221	4.866148	1.433997	0
11.3	0.0009650583	4.866121	1.433995	0
11.4	0.0008662741	4.866103	1.433998	0
11.5	0.001119549	4.866085	1.433999	0
11.6	0.001096393	4.866064	1.433996	0
11.7	0.001134731	4.866045	1.433994	0
11.8	0.001238805	4.86602	1.433995	0
11.9	0.000559897	4.86599	1.433995	0
12	0.0006415064	4.865971	1.433997	0
12.1	0.00071671	4.865952	1.434001	0
12.2	0.0008835336	4.86593	1.434	0
12.3	0.001446498	4.865918	1.433997	0
12.4	0.001443361	4.8659	1.433996	0
12.5	0.001354608	4.865883	1.433995	0
12.6	0.001161356	4.865865	1.433993	0
12.7	0.001455926	4.865835	1.433998	0
12.8	0.001820962	4.865818	1.433994	0
12.9	0.0009384167	4.865791	1.433996	0
13	0.0006056079	4.865763	1.433995	0
13.1	0.000540524	4.865745	1.433995	0
13.2	0.0007767714	4.865724	1.433991	0
13.3	0.0007762823	4.865701	1.433991	0
13.4	0.0007172174	4.865677	1.433993	0
13.5	0.000881393	4.865656	1.433991	0
13.6	0.001439387	4.865643	1.433992	0
13.7	0.001379509	4.865623	1.433992	0
13.8	0.001251558	4.865607	1.433994	0
13.9	0.001373218	4.865588	1.433995	0
14	0.001170365	4.865566	1.433992	0
14.1	0.001122593	4.865542	1.433993	0
14.2	0.001221134	4.865521	1.433988	0
14.3	0.0008703722	4.865497	1.433989	0
14.4	0.0008895571	4.86548	1.43399	0
14.5	0.0008843107	4.865452	1.433993	0
14.6	0.001103104	4.865435	1.43399	0
14.7	0.001242282	4.865416	1.433993	0
14.8	0.0009278156	4.865395	1.433991	0
14.9	0.0007580154	4.865372	1.433989	0
15	0.0008014953	4.865349	1.433992	0
15.1	0.0008513124	4.865325	1.433992	0
15.2	0.001120656	4.865306	1.433987	0
15.3	0.001259487	4.865288	1.433989	0
15.4	0.00133352	4.865267	1.433986	0
15.5	0.0009817452	4.865242	1.433991	0
15.6	0.0009963603	4.865226	1.433987	0
15.7	0.001193444	4.865203	1.433985	0
15.8	0.000902212	4.865181	1.433991	0
15.9	0.001150518	4.865165	1.433988	0
16	0.0009160689	4.865143	1.433988	0
16.1	0.0007852396	4.865122	1.433989	0
16.2	0.0009148655	4.865098	1.433991	0
16.3	0.0009213709	4.865075	1.433987	0
16.4	0.0007908947	4.865056	1.433989	0
16.5	0.001294955	4.865033	1.433987	0
16.6	0.001409042	4.865017	1.433985	0
16.7	0.001375127	4.864991	1.433985	0
16.8	0.001592562	4.864978	1.433986	0
16.9	0.001385221	4.864948	1.433987	0
17	0.001132638	4.864932	1.433986	0
17.1	0.001091778	4.864912	1.433989	0
17.2	0.0009992979	4.864889	1.433986	0
17.3	0.001022759	4.864865	1.433987	0
17.4	0.001019222	4.864844	1.433984	0
17.5	0.0006995876	4.864817	1.433986	0
17.6	0.001048056	4.864799	1.433983	0
17.7	0.0008206589	4.864781	1.433985	0
17.8	0.001100195	4.864762	1.433981	0
17.9	0.00095966	4.864742	1.433985	0
18	0.0009717846	4.864718	1.433986	0
18.1	0.001243953	4.864699	1.433986	0
18.2	0.001088644	4.86468	1.433983	0
18.3	0.001253698	4.864652	1.433982	0
18.4	0.001434304	4.864635	1.433981	0
18.5	0.001376354	4.864614	1.433985	0
18.6	0.001409648	4.864591	1.433979	0
18.7	0.001473512	4.864573	1.433986	0
18.8	0.001473575	4.864558	1.433978	0
18.9	0.001335459	4.864532	1.433984	0
19	0.001142017	4.864518	1.433981	0
19.1	0.001537542	4.864497	1.43398	0
19.2	0.001400059	4.864471	1.433983	0
19.3	0.0004984791	4.864446	1.433983	0
19.4	0.0004564402	4.864422	1.433983	0
19.5	0.0006699189	4.864403	1.433981	0
19.6	0.001159219	4.864384	1.433979	0
19.7	0.001480115	4.86436	1.433982	0
19.8	0.001397151	4.864336	1.433981	0
19.9	0.001700221	4.864339	1.433982	0
20	0.001925504	4.864389	1.433978	0
20.1	0.001571866	4.864445	1.433978	0
20.2	0.0009846388	4.864512	1.433977	0
20.3	0.001504343	4.864615	1.433978	0
20.4	0.00435323	4.864839	1.433976	0
20.5	0.02240966	4.865981	1.433987	0
20.6	0.07925063	4.870852	1.434037	0
20.7	0.1817559	4.883811	1.434172	0
20.8	0.3315053	4.909547	1.434448	0
20.9	0.5284526	4.952734	1.434911	0
21	0.7709126	5.018051	1.435611	0
21.1	1.058904	5.110035	1.436602	0
21.2	1.38896	5.233052	1.43793	0
21.3	1.75982	5.391301	1.439641	0
21.4	2.169463	5.588669	1.441782	0
21.5	2.614611	5.828909	1.444394	0
21.6	3.093918	6.115496	1.447525	0
21.7	3.60467	6.451658	1.451202	0
21.8	4.133615	6.840199	1.455472	0
21.9	4.648778	7.28095	1.46032	0
22	5.150112	7.772455	1.465739	0
22.1	5.63846	8.313365	1.471721	0
22.2	6.115058	8.90245	1.478252	0
22.3	6.581197	9.538589	1.485328	0
22.4	7.037693	10.22078	1.492938	0
22.5	7.485539	10.94808	1.501084	0
22.6	7.925579	11.71966	1.509753	0
22.7	8.355828	12.5347	1.519132	0
22.8	8.774933	13.39198	1.530474	0
22.9	9.195338	14.29113	1.544989	0
23	9.629998	15.23375	1.563084	0
23.1	10.07328	16.22318	1.586868	0
23.2	10.51609	17.26029	1.625329	0
23.3	10.96196	18.34189	1.685935	0
23.4	11.37376	19.46141	1.780658	0
23.5	11.7346	20.6123	1.919166	0
23.6	12.05601	21.78943	2.105192	0
23.7	12.34952	22.98787	2.341115	0
23.8	12.60661	24.2029	2.625553	0
23.9	12.82073	25.43074	2.951434	0
24	13.00295	26.6693	3.309673	0
24.1	13.16034	27.91821	3.691422	0
24.2	13.29936	29.17739	4.089528	0
24.3	13.42842	30.44663	4.500005	0
24.4	13.55188	31.72596	4.920401	0
24.5	13.66315	33.01563	5.346923	0
24.6	13.77079	34.31562	5.776783	0
24.7	13.87934	35.62568	6.21027	0
24.8	13.98509	36.94545	6.648245	0
24.9	14.08495	38.27459	7.090302	0
25	14.18159	39.61271	7.536189	0
25.1	14.27549	40.95945	7.986354	0
25.2	14.36532	42.31438	8.441066	0
25.3	14.45119	43.67715	8.900228	0
25.4	14.5339	45.0474	9.363729	0
25.5	14.61344	46.42485	9.831419	0
25.6	14.68968	47.80922	10.30302	0
25.7	14.76313	49.20023	10.77833	0
25.8	14.83396	50.59763	11.25723	0
25.9	14.90144	52.0012	11.73943	0
26	14.96629	53.41071	12.22465	0
26.1	15.02907	54.82593	12.71282	0
26.2	15.08929	56.24669	13.20383	0
26.3	15.14718	57.67278	13.69742	0
26.4	15.20338	59.10401	14.19351	0
26.5	15.25767	60.5402	14.69209	0
26.6	15.30978	61.98122	15.19299	0
26.7	15.36013	63.42685	15.6961	0
26.8	15.40883	64.87695	16.20141	0
26.9	15.45554	66.33141	16.70879	0
27	15.50062	67.79005	17.21811	0
27.1	15.54439	69.25276	17.72934	0
27.2	15.58651	70.71941	18.24237	0
27.3	15.62722	72.18986	18.75707	0
27.4	15.66677	73.66399	19.2734	0
27.5	15.70489	75.14168	19.79129	0
27.6	15.74171	76.62283	20.31062	0
27.7	15.77752	78.10733	20.83134	0
27.8	15.81212	79.59509	21.35343	0
27.9	15.84551	81.08598	21.87678	0
28	15.87797	82.57993	22.40134	0
28.1	15.90946	84.07681	22.92712	0
28.2	15.93984	85.57657	23.45403	0
28.3	15.9694	87.07912	23.98201	0
28.4	15.9983	88.58447	24.51108	0
28.5	16.02586	90.09265	25.04113	0
28.6	16.05414	91.60378	25.57196	0
28.7	16.08284	93.11972	26.10096	0
28.8	16.10521	94.6423	26.61961	0
28.9	16.14134	96.17484	27.12243	0
29	16.17188	97.72132	27.59805	0
29.1	16.21141	99.28178	28.03955	0
29.2	16.29836	100.8519	28.46904	0
29.3	16.39375	102.4263	28.91725	0
29.4	16.47228	104.0011	29.39606	0
29.5	16.5187	105.5743	29.89778	0
29.6	16.55776	107.1464	30.41054	0
29.7	16.59323	108.7175	30.92894	0
29.8	16.62435	110.2866	31.45234	0
29.9	16.65209	111.852	31.98187	0
30	16.67491	113.4124	32.51775	0
30.1	16.69335	114.967	33.05899	0
30.2	16.70954	116.5149	33.60458	0
30.3	16.72339	118.0558	34.15299	0
30.4	16.73582	119.5893	34.70235	0
30.5	16.74782	121.1156	35.25098	0
30.6	16.75842	122.6347	35.79718	0
30.7	16.76994	124.1465	36.33971	0
30.8	16.78448	125.6508	36.87857	0
30.9	16.80083	127.1468	37.41425	0
31	16.81946	128.6337	37.94744	0
31.1	16.84009	130.1104	38.47946	0
31.2	16.86157	131.5754	39.01189	0
31.3	16.88252	133.0274	39.54613	0
31.4	16.90133	134.465	40.08295	0
31.5	16.9185	135.8872	40.62274	0
31.6	16.93386	137.2928	41.16579	0
31.7	16.94673	138.6813	41.71162	0
31.8	16.95769	140.0522	42.25922	0
31.9	16.96799	141.4052	42.8078	0
32	16.97757	142.74	43.35664	0
32.1	16.98628	144.0565	43.90466	0
32.2	16.99576	145.3545	44.45135	0
32.3	17.00606	146.6334	44.99667	0
32.4	17.01677	147.893	45.54061	0
32.5	17.02861	149.1324	46.08348	0
32.6	17.04099	150.3508	46.62582	0
32.7	17.05359	151.5474	47.16819	0
32.8	17.06633	152.7213	47.71123	0
32.9	17.07802	153.8715	48.25527	0
33	17.08922	154.9974	48.80047	0
33.1	17.09979	156.0983	49.34707	0
33.2	17.10889	157.1735	49.89483	0
33.3	17.11734	158.2228	50.44334	0
33.4	17.12568	159.2458	50.99245	0
33.5	17.13298	160.2421	51.54171	0
33.6	17.14025	161.2117	52.09068	0
33.7	17.148	162.154	52.63927	0
33.8	17.1554	163.0689	53.18737	0
33.9	17.16316	163.9559	53.73488	0
34	17.17165	164.8145	54.28206	0
34.1	17.17963	165.6443	54.82901	0
34.2	17.18808	166.4447	55.37593	0
34.3	17.19661	167.2152	55.92318	0
34.4	17.2043	167.9554	56.47081	0
34.5	17.2121	168.6648	57.0189	0
34.6	17.21968	169.3429	57.56761	0
34.7	17.22617	169.9895	58.11674	0
34.8	17.23285	170.6044	58.66618	0
34.9	17.2393	171.1872	59.21598	0
35	17.24489	171.7379	59.76577	0
35.1	17.25104	172.2562	60.31548	0
35.2	17.25702	172.7419	60.86514	0
35.3	17.26259	173.1948	61.41452	0
35.4	17.26883	173.6148	61.96367	0
35.5	17.27489	174.0016	62.51276	0
35.6	17.28064	174.355	63.06173	0
35.7	17.28697	174.6747	63.61074	0
35.8	17.29291	174.9606	64.15997	0
35.9	17.29843	175.2125	64.70928	0
36	17.30448	175.4302	65.2588	0
36.1	17.2946	175.6135	65.80844	0
36.2	17.27168	175.7621	66.35756	0
36.3	17.24983	175.876	66.90604	0
36.4	17.22775	175.9553	67.4536	0
36.5	17.20664	176.0001	67.99985	0
36.6	17.18702	176.0104	68.54488	0
36.7	17.16759	175.9865	69.08865	0
36.8	17.14938	175.9282	69.63103	0
36.9	17.13246	175.8356	70.1723	0
37	17.11573	175.7088	70.71246	0
37.1	17.10012	175.5479	71.25149	0
37.2	17.08555	175.3529	71.78971	0
37.3	17.07096	175.1238	72.32706	0
37.4	17.05738	174.8609	72.86356	0
37.5	17.0446	174.5641	73.39937	0
37.6	17.03171	174.2336	73.93447	0
37.7	17.01985	173.8697	74.46877	0
37.8	17.00858	173.4724	75.00253	0
37.9	16.99722	173.042	75.53552	0
38	16.98687	172.5787	76.06781	0
38.1	16.97702	172.0827	76.59947	0
38.2	16.96709	171.5543	77.13043	0
38.3	16.95826	170.9936	77.66071	0
38.4	16.9498	170.4009	78.19042	0
38.5	16.94127	169.7766	78.71949	0
38.6	16.93377	169.1209	79.24796	0
38.7	16.92649	168.434	79.77602	0
38.8	16.91914	167.7162	80.30348	0
38.9	16.91281	166.968	80.83047	0
39	16.90652	166.1896	81.35713	0
39.1	16.90014	165.3814	81.88332	0
39.2	16.89469	164.5437	82.40903	0
39.3	16.88927	163.677	82.93449	0
39.4	16.88375	162.7815	83.4595	0
39.5	16.87915	161.8578	83.98405	0
39.6	16.87448	160.9063	84.50837	0
39.7	16.86974	159.9274	85.03224	0
39.8	16.86591	158.9215	85.55569	0
39.9	16.86199	157.889	86.07892	0
40	16.858	156.8306	86.60172	0
40.1	16.85485	155.7466	87.12434	0
40.2	16.85155	154.6375	87.64657	0
40.3	16.83924	153.5039	88.16843	0
40.4	16.79756	152.3481	88.6894	0
40.5	16.75049	151.1717	89.20898	0
40.6	16.70418	149.9754	89.72677	0
40.7	16.65988	148.7597	90.24245	0
40.8	16.61159	147.5252	90.75588	0
40.9	16.54058	146.2739	91.26651	0
41	16.47005	145.0071	91.77411	0
41.1	16.39503	143.7255	92.27859	0
41.2	16.30781	142.4308	92.77924	0
41.3	16.22422	141.1238	93.27595	0
41.4	16.14328	139.805	93.76875	0
41.5	16.05208	138.4753	94.25735	0
41.6	15.95883	137.1362	94.74153	0
41.7	15.86885	135.7883	95.22141	0
41.8	15.7818	134.4321	95.69691	0
41.9	15.69817	133.0681	96.16801	0
42	15.618	131.6968	96.63494	0
42.1	15.54073	130.3186	97.09784	0
42.2	15.46636	128.9342	97.55679	0
42.3	15.39519	127.544	98.012	0
42.4	15.32673	126.1486	98.46366	0
42.5	15.26068	124.7486	98.91185	0
42.6	15.19746	123.3445	99.35668	0
42.7	15.13679	121.937	99.79837	0
42.8	15.0783	120.5266	100.237	0
42.9	15.02216	119.114	100.6726	0
43	14.96842	117.6997	101.1053	0
43.1	14.91673	116.2845	101.5354	0
43.2	14.86697	114.8688	101.9627	0
43.3	14.8194	113.4536	102.3875	0
43.4	14.77378	112.0393	102.8099	0
43.5	14.72985	110.6266	103.2299	0
43.6	14.68774	109.2163	103.6476	0
43.7	14.64748	107.8089	104.0632	0
43.8	14.6088	106.4053	104.4767	0
43.9	14.57158	105.0061	104.8882	0
44	14.53603	103.612	105.2977	0
44.1	14.50198	102.2238	105.7054	0
44.2	14.46926	100.8421	106.1114	0
44.3	14.42722	99.46808	106.5155	0
44.4	14.38	98.10358	106.9176	0
44.5	14.33447	96.74946	107.3176	0
44.6	14.29022	95.40629	107.7155	0
44.7	14.24779	94.07475	108.1112	0
44.8	14.20723	92.75549	108.5046	0
44.9	14.16838	91.44914	108.896	0
45	14.13089	90.15638	109.2852	0
45.1	14.09528	88.87786	109.6723	0
45.2	14.06134	87.6143	110.0576	0
45.3	14.02418	86.36641	110.441	0
45.4	13.96905	85.1362	110.8221	0
45.5	13.91564	83.92511	111.201	0
45.6	13.86406	82.73368	111.5776	0
45.7	13.8137	81.56239	111.9516	0
45.8	13.76575	80.41178	112.3229	0
45.9	13.72007	79.28239	112.6918	0
46	13.67616	78.17477	113.0582	0
46.1	13.63375	77.08945	113.4222	0
46.2	13.59371	76.027	113.7837	0
46.3	13.55569	74.98802	114.1432	0
46.4	13.51871	73.97302	114.5005	0
46.5	13.48342	72.98256	114.8558	0
46.6	13.45015	72.01723	115.2091	0
46.7	13.41853	71.07762	115.5608	0
46.8	13.38736	70.1642	115.9107	0
46.9	13.35797	69.27753	116.2588	0
47	13.33029	68.41814	116.6055	0
47.1	13.30371	67.58658	116.9508	0
47.2	13.27742	66.78328	117.2946	0
47.3	13.25288	66.00874	117.6369	0
47.4	13.22988	65.2635	117.9781	0
47.5	13.20741	64.54796	118.3181	0
47.6	13.18531	63.86253	118.6567	0
47.7	13.16486	63.20767	118.9942	0
47.8	13.14579	62.58386	119.3307	0
47.9	13.12677	61.99142	119.6662	0
48	13.10826	61.43068	120.0005	0
48.1	13.09132	60.90208	120.3338	0
48.2	13.07552	60.406	120.6665	0
48.3	13.05942	59.94269	120.9982	0
48.4	13.04395	59.5124	121.3289	0
48.5	13.02998	59.11551	121.6588	0
48.6	13.01679	58.75231	121.9882	0
48.7	13.00311	58.42295	122.3168	0
48.8	12.99016	58.12764	122.6446	0
48.9	12.97865	57.86663	122.9718	0
49	12.96752	57.64014	123.2986	0
49.1	12.95586	57.4482	123.6246	0
49.2	12.94498	57.29094	123.95	0
49.3	12.93549	57.16854	124.275	0
49.4	12.92602	57.08106	124.5996	0
49.5	12.91602	57.02848	124.9236	0
49.6	12.90689	57.01082	125.247	0
49.7	12.89907	57.02815	125.5701	0
49.8	12.89098	57.08045	125.893	0
49.9	12.88239	57.16755	126.2152	0
50	12.87474	57.28938	126.5369	0
50.1	12.86827	57.44594	126.8585	0
50.2	12.86132	57.63709	127.1798	0
50.3	12.85394	57.86255	127.5006	0
50.4	12.84755	58.12216	127.8211	0
50.5	12.84213	58.41581	128.1415	0
50.6	12.83611	58.74323	128.4617	0
50.7	12.82972	59.10405	128.7813	0
50.8	12.8244	59.49803	129.1005	0
50.9	12.81983	59.92495	129.4194	0
51	12.81461	60.38441	129.7383	0
51.1	12.80904	60.87596	130.057	0
51.2	12.8046	61.39925	130.3752	0
51.3	12.80066	61.95394	130.6933	0
51.4	12.79607	62.53954	131.0114	0
51.5	12.7912	63.15551	131.3293	0
51.6	12.78751	63.8014	131.6468	0
51.7	12.78406	64.47678	131.9641	0
51.8	12.78002	65.18102	132.2815	0
51.9	12.77573	65.91355	132.5989	0
52	12.77261	66.67378	132.9163	0
52.1	12.76953	67.46117	133.2337	0
52.2	12.76597	68.27507	133.5506	0
52.3	12.7622	69.11476	133.8673	0
52.4	12.75957	69.97961	134.1839	0
52.5	12.75684	70.86897	134.5005	0
52.6	12.75366	71.78208	134.8171	0
52.7	12.75034	72.71819	135.1333	0
52.8	12.74809	73.67657	135.4492	0
52.9	12.74558	74.65649	135.7657	0
53	12.74275	75.65715	136.0815	0
53.1	12.73985	76.67763	136.3974	0
53.2	12.73784	77.71716	136.7133	0
53.3	12.73557	78.77508	137.0291	0
53.4	12.73302	79.8504	137.3449	0
53.5	12.73045	80.94222	137.6608	0
53.6	12.72861	82.04975	137.9767	0
53.7	12.7265	83.17207	138.2925	0
53.8	12.72421	84.30826	138.6082	0
53.9	12.72196	85.4574	138.9233	0
54	12.72024	86.61857	139.2384	0
54.1	12.71831	87.79085	139.5535	0
54.2	12.71627	88.97324	139.8686	0
54.3	12.7143	90.16486	140.1837	0
54.4	12.71265	91.36471	140.4988	0
54.5	12.71086	92.57185	140.8139	0
54.6	12.70901	93.78528	141.129	0
54.7	12.70724	95.00401	141.4441	0
54.8	12.70563	96.22709	141.7592	0
54.9	12.70395	97.45351	142.0743	0
55	12.70226	98.68229	142.3894	0
55.1	12.70068	99.91242	142.7045	0
55.2	12.69909	101.1429	143.0196	0
55.3	12.69752	102.3728	143.3347	0
55.4	12.69599	103.6011	143.6497	0
55.5	12.69455	104.8267	143.9648	0
55.6	12.69297	106.0487	144.2797	0
55.7	12.69153	107.2661	144.5941	0
55.8	12.6902	108.478	144.9084	0
55.9	12.68887	109.6833	145.2227	0
56	12.68732	110.881	145.5371	0
56.1	12.68598	112.0703	145.8514	0
56.2	12.68482	113.2501	146.1658	0
56.3	12.68358	114.4194	146.4801	0
56.4	12.68204	115.5775	146.7944	0
56.5	12.68079	116.7232	147.1088	0
56.6	12.67979	117.8556	147.4231	0
56.7	12.67858	118.9739	147.7374	0
56.8	12.67704	120.0772	148.0518	0
56.9	12.67589	121.1645	148.3661	0
57	12.67506	122.2349	148.6805	0
57.1	12.67385	123.2877	148.9948	0
57.2	12.67233	124.3219	149.3091	0
57.3	12.67125	125.3367	149.6234	0
57.4	12.67055	126.3313	149.9378	0
57.5	12.66934	127.3048	150.2521	0
57.6	12.6678	128.2566	150.5664	0
57.7	12.66682	129.1858	150.8808	0
57.8	12.66627	130.0916	151.1951	0
57.9	12.66504	130.9734	151.5094	0
58	12.66352	131.8304	151.8238	0
58.1	12.66261	132.6619	152.1381	0
58.2	12.6622	133.4672	152.4525	0
58.3	12.66096	134.2457	152.7668	0
58.4	12.65949	134.9969	153.0808	0
58.5	12.6587	135.7199	153.3948	0
58.6	12.65838	136.4143	153.7091	0
58.7	12.65715	137.0795	154.0234	0
58.8	12.65571	137.715	154.3371	0
58.9	12.65504	138.3202	154.6508	0
59	12.6548	138.8947	154.9651	0
59.1	12.65355	139.4379	155.2794	0
59.2	12.65214	139.9495	155.593	0
59.3	12.65157	140.4291	155.9066	0
59.4	12.65137	140.8761	156.2208	0
59.5	12.65016	141.2904	156.5349	0
59.6	12.64876	141.6715	156.8485	0
59.7	12.64829	142.0192	157.1621	0
59.8	12.64813	142.3331	157.4761	0
59.9	12.64694	142.6129	157.79	0
60	12.6456	142.8587	158.1036	0
60.1	12.64523	143.07	158.4172	0
60.2	12.64508	143.2466	158.731	0
60.3	12.64392	143.3885	159.0446	0
60.4	12.6426	143.4956	159.3582	0
60.5	12.64232	143.5678	159.6719	0
60.6	12.64217	143.6049	159.9854	0
60.7	12.64104	143.607	160.2989	0
60.8	12.63976	143.5742	160.6125	0
60.9	12.63956	143.5064	160.9261	0
61	12.63939	143.4036	161.2397	0
61.1	12.63828	143.2659	161.5532	0
61.2	12.63703	143.0936	161.8668	0
61.3	12.6369	142.8866	162.1804	0
61.4	12.6367	142.6452	162.494	0
61.5	12.63563	142.3696	162.8075	0
61.6	12.63441	142.0601	163.1211	0
61.7	12.63438	141.7168	163.4347	0
61.8	12.63412	141.34	163.7482	0
61.9	12.63308	140.93	164.0618	0
62	12.63191	140.4873	164.3754	0
62.1	12.63192	140.0121	164.689	0
62.2	12.63164	139.5049	165.0025	0
62.3	12.63065	138.966	165.316	0
62.4	12.62951	138.3959	165.6296	0
62.5	12.62956	137.7952	165.9433	0
62.6	12.62923	137.1641	166.2568	0
62.7	12.62826	136.5033	166.5703	0
62.8	12.62719	135.8134	166.8839	0
62.9	12.62725	135.095	167.1975	0
63	12.62688	134.3484	167.5111	0
63.1	12.62597	133.5744	167.8246	0
63.2	12.62495	132.7738	168.1382	0
63.3	12.625	131.947	168.4518	0
63.4	12.6246	131.0947	168.7654	0
63.5	12.62373	130.2177	169.0789	0
63.6	12.6228	129.3168	169.3925	0
63.7	12.62281	128.3925	169.7061	0
63.8	12.62236	127.4458	170.0196	0
63.9	12.62155	126.4773	170.3332	0
64	12.62068	125.4878	170.6468	0
64.1	12.62062	124.4783	170.9604	0
64.2	12.62015	123.4494	171.2739	0
64.3	12.61939	122.4021	171.5875	0
64.4	12.61859	121.3372	171.901	0
64.5	12.61845	120.2556	172.2146	0
64.6	12.61797	119.1581	172.5282	0
64.7	12.61725	118.0457	172.8417	0
64.8	12.61654	116.9193	173.1553	0
64.9	12.61631	115.7798	173.4689	0
65	12.61579	114.6282	173.7825	0
65.1	12.61512	113.4653	174.096	0
65.2	12.61448	112.2922	174.4096	0
65.3	12.61418	111.1099	174.7232	0
65.4	12.61365	109.9192	175.0367	0
65.5	12.61302	108.7211	175.3503	0
65.6	12.61244	107.5167	175.6639	0
65.7	12.61204	106.307	175.9775	0
65.8	12.6115	105.0928	176.291	0
65.9	12.61092	103.8753	176.6046	0
66	12.61041	102.6554	176.9182	0
66.1	12.60769	101.4342	177.2317	0
66.2	12.58485	100.2139	177.5446	0
66.3	12.56113	98.99651	177.8568	0
66.4	12.53809	97.7829	178.1683	0
66.5	12.51552	96.57395	178.4786	0
66.6	12.48304	95.37087	178.7878	0
66.7	12.43762	94.17624	179.0952	0
66.8	12.39418	92.99116	179.4006	0
66.9	12.352	91.81639	179.7039	0
67	12.31173	90.65267	180.0047	0
67.1	12.27347	89.50077	180.3033	0
67.2	12.23729	88.36142	180.5994	0
67.3	12.20255	87.23534	180.8931	0
67.4	12.16999	86.12335	181.1845	0
67.5	12.13938	85.02626	181.4739	0
67.6	12.11056	83.94482	181.7613	0
67.7	12.08256	82.87983	182.0467	0
67.8	12.05651	81.83212	182.3304	0
67.9	12.03211	80.80256	182.6126	0
68	12.00914	79.79182	182.8934	0
68.1	11.98641	78.80077	183.1726	0
68.2	11.96511	77.8302	183.4506	0
68.3	11.94533	76.88091	183.7273	0
68.4	11.92682	75.95366	184.0031	0
68.5	11.9083	75.04914	184.2777	0
68.6	11.8906	74.1681	184.5511	0
68.7	11.87437	73.31131	184.8236	0
68.8	11.85939	72.47948	185.0952	0
68.9	11.84453	71.67324	185.3659	0
69	11.82982	70.89323	185.6356	0
69.1	11.81654	70.14015	185.9044	0
69.2	11.80449	69.41469	186.1725	0
69.3	11.79284	68.7174	186.44	0
69.4	11.78073	68.04885	186.7066	0
69.5	11.76982	67.4096	186.9723	0
69.6	11.76016	66.80031	187.2377	0
69.7	11.75114	66.22149	187.5024	0
69.8	11.74133	65.67357	187.7665	0
69.9	11.73218	65.15704	188.0299	0
70	11.72424	64.67245	188.2931	0
70.1	11.71717	64.22025	188.5559	0
70.2	11.70935	63.80076	188.8183	0
70.3	11.70144	63.41432	189.08	0
70.4	11.69464	63.06134	189.3414	0
70.5	11.68899	62.74221	189.6023	0
70.6	11.6828	62.45714	189.8631	0
70.7	11.67589	62.20631	190.1236	0
70.8	11.66986	61.98997	190.3839	0
70.9	11.66514	61.80841	190.644	0
71	11.66026	61.66178	190.9042	0
71.1	11.65447	61.5501	191.1636	0
71.2	11.64903	61.47343	191.4226	0
71.3	11.64499	61.43196	191.6813	0
71.4	11.64119	61.42574	191.9399	0
71.5	11.63657	61.45466	192.1985	0
71.6	11.63162	61.51864	192.4566	0
71.7	11.62794	61.61768	192.7146	0
71.8	11.62505	61.75177	192.9724	0
71.9	11.62146	61.92072	193.2302	0
72	11.61711	62.12424	193.4879	0
72.1	11.61353	62.36219	193.7451	0
72.2	11.61124	62.63444	194.0023	0
72.3	11.60833	62.94072	194.2599	0
72.4	11.60474	63.28061	194.517	0
72.5	11.60111	63.65376	194.7741	0
72.6	11.59901	64.05991	195.0313	0
72.7	11.59674	64.4987	195.2884	0
72.8	11.59377	64.96961	195.5454	0
72.9	11.5903	65.47215	195.8018	0
73	11.58809	66.00585	196.0583	0
73.1	11.5863	66.57031	196.3147	0
73.2	11.58385	67.16492	196.571	0
73.3	11.58078	67.789	196.8273	0
73.4	11.57832	68.44191	197.0838	0
73.5	11.57683	69.12321	197.3401	0
73.6	11.5748	69.83219	197.5964	0
73.7	11.57229	70.56807	197.8528	0
73.8	11.56961	71.33012	198.1086	0
73.9	11.56824	72.11765	198.3646	0
74	11.56659	72.92996	198.6209	0
74.1	11.56448	73.7662	198.8771	0
74.2	11.56193	74.62548	199.1327	0
74.3	11.56039	75.50701	199.3883	0
74.4	11.55905	76.40999	199.6439	0
74.5	11.55726	77.33351	199.8995	0
74.6	11.55506	78.27666	200.155	0
74.7	11.55326	79.23848	200.4107	0
74.8	11.552	80.21808	200.6663	0
74.9	11.55047	81.21449	200.9218	0
75	11.54864	82.22673	201.1774	0
75.1	11.54667	83.25378	201.433	0
75.2	11.54537	84.29469	201.6886	0
75.3	11.54397	85.34843	201.9442	0
75.4	11.54234	86.41396	202.1998	0
75.5	11.54056	87.49024	202.4554	0
75.6	11.53911	88.5762	202.711	0
75.7	11.53777	89.67081	202.9666	0
75.8	11.53631	90.77299	203.2222	0
75.9	11.53474	91.88168	203.4777	0
76	11.53328	92.99573	203.7333	0
76.1	11.53185	94.11411	203.9889	0
76.2	11.53052	95.23569	204.2445	0
76.3	11.52909	96.35939	204.5001	0
76.4	11.52781	97.48409	204.7557	0
76.5	11.52632	98.60868	205.0113	0
76.6	11.52497	99.73212	205.2669	0
76.7	11.52364	100.8533	205.5225	0
76.8	11.52254	101.971	205.778	0
76.9	11.52108	103.0844	206.0335	0
77	11.51964	104.1921	206.2883	0
77.1	11.51844	105.2931	206.5432	0
77.2	11.51736	106.3865	206.7983	0
77.3	11.51624	107.471	207.0537	0
77.4	11.51466	108.5456	207.3085	0
77.5	11.51341	109.6094	207.5634	0
77.6	11.51237	110.6611	207.8182	0
77.7	11.51168	111.6999	208.073	0
77.8	11.50718	112.7247	208.3278	0
77.9	11.47927	113.7331	208.5824	0
78	11.44853	114.7228	208.836	0
78.1	11.39708	115.6925	209.0885	0
78.2	11.34015	116.6398	209.3389	0
78.3	11.28502	117.5642	209.5865	0
78.4	11.23253	118.4652	209.8313	0
78.5	11.18293	119.3421	210.0731	0
78.6	11.1361	120.1947	210.3117	0
78.7	11.09091	121.0223	210.5468	0
78.8	11.04896	121.8243	210.7784	0
78.9	11.01032	122.6004	211.007	0
79	10.97493	123.3497	211.2326	0
79.1	10.94108	124.0719	211.4553	0
79.2	10.90905	124.7662	211.6751	0
79.3	10.88008	125.4322	211.8925	0
79.4	10.85389	126.0691	212.1077	0
79.5	10.82949	126.6763	212.3209	0
79.6	10.80547	127.2535	212.5321	0
79.7	10.78305	127.7999	212.7413	0
79.8	10.76309	128.3151	212.9492	0
79.9	10.74516	128.7985	213.1557	0
80	10.72775	129.2496	213.361	0
80.1	10.71002	129.6682	213.5648	0
80.2	10.69393	130.0538	213.7673	0
80.3	10.67999	130.4058	213.9689	0
80.4	10.66727	130.724	214.1698	0
80.5	10.65429	131.0081	214.3697	0
80.6	10.64103	131.2579	214.5683	0
80.7	10.62953	131.4731	214.7661	0
80.8	10.62012	131.6534	214.9632	0
80.9	10.61109	131.7987	215.1597	0
81	10.60145	131.9089	215.3553	0
81.1	10.59184	131.984	215.55	0
81.2	10.58416	132.0237	215.7438	0
81.3	10.57812	132.0281	215.9376	0
81.4	10.5718	131.997	216.1307	0
81.5	10.56472	131.9307	216.3231	0
81.6	10.55789	131.8293	216.5148	0
81.7	10.55309	131.6927	216.7063	0
81.8	10.54917	131.521	216.8978	0
81.9	10.5445	131.3146	217.0887	0
82	10.539	131.0737	217.2791	0
82.1	10.53396	130.7986	217.4692	0
82.2	10.53091	130.4895	217.6592	0
82.3	10.5279	130.1468	217.8491	0
82.4	10.52402	129.7708	218.039	0
82.5	10.5193	129.3623	218.2282	0
82.6	10.51547	128.9215	218.4176	0
82.7	10.51323	128.4488	218.6068	0
82.8	10.51047	127.9449	218.7959	0
82.9	10.50702	127.4105	218.9851	0
83	10.5028	126.8462	219.1737	0
83.1	10.49997	126.2526	219.3622	0
83.2	10.49814	125.6304	219.5507	0
83.3	10.49558	124.9803	219.7391	0
83.4	10.49253	124.3031	219.9275	0
83.5	10.48898	123.5998	220.1155	0
83.6	10.48698	122.8709	220.3034	0
83.7	10.48534	122.1174	220.4918	0
83.8	10.48305	121.3402	220.68	0
83.9	10.48039	120.5402	220.8676	0
84	10.47757	119.7185	221.0554	0
84.1	10.47604	118.8758	221.2431	0
84.2	10.47442	118.0131	221.4308	0
84.3	10.47233	117.1316	221.6184	0
84.4	10.4699	116.2324	221.8061	0
84.5	10.46759	115.3164	221.9938	0
84.6	10.4661	114.3847	222.1815	0
84.7	10.46437	113.4384	222.3692	0
84.8	10.46227	112.4787	222.5569	0
84.9	10.45999	111.5067	222.7446	0
85	10.45795	110.5236	222.9323	0
85.1	10.45618	109.5305	223.12	0
85.2	10.4543	108.5286	223.3077	0
85.3	10.45223	107.5191	223.4954	0
85.4	10.45018	106.5032	223.6831	0
85.5	10.44817	105.4821	223.8708	0
85.6	10.44623	104.4571	224.0585	0
85.7	10.4443	103.4293	224.2462	0
85.8	10.44233	102.3999	224.4339	0
85.9	10.44066	101.3703	224.6215	0
86	10.43855	100.3416	224.8087	0
86.1	10.43656	99.31503	224.9957	0
86.2	10.43478	98.29179	225.1826	0
86.3	10.4331	97.27313	225.3696	0
86.4	10.43166	96.26024	225.5566	0
86.5	10.42942	95.25433	225.7435	0
86.6	10.42739	94.25662	225.9305	0
86.7	10.42568	93.26828	226.1174	0
86.8	10.42441	92.29053	226.3044	0
86.9	10.4229	91.32446	226.4912	0
87	10.42043	90.37129	226.6782	0
87.1	10.41844	89.43212	226.8651	0
87.2	10.41681	88.50813	227.0521	0
87.3	10.41584	87.60035	227.2392	0
87.4	10.4141	86.70986	227.4263	0
87.5	10.41145	85.83775	227.6133	0
87.6	10.40945	84.98508	227.8003	0
87.7	10.40801	84.15287	227.9872	0
87.8	10.40727	83.34211	228.1746	0
87.9	10.40514	82.55372	228.3616	0
88	10.40241	81.78866	228.5486	0
88.1	10.40054	81.04786	228.7356	0
88.2	10.3994	80.33224	228.9226	0
88.3	10.39868	79.64261	229.1098	0
88.4	10.3963	78.97975	229.2967	0
88.5	10.39358	78.34445	229.4837	0
88.6	10.39181	77.73753	229.6707	0
88.7	10.39113	77.15972	229.8576	0
88.8	10.3903	76.6117	230.0445	0
88.9	10.38768	76.09406	230.2314	0
89	10.38509	75.60741	230.4183	0
89.1	10.38359	75.1524	230.6053	0
89.2	10.38318	74.72961	230.7923	0
89.3	10.3821	74.33951	230.9791	0
89.4	10.37936	73.98248	231.166	0
89.5	10.37684	73.65894	231.353	0
89.6	10.37569	73.36938	231.54	0
89.7	10.37539	73.11417	231.7269	0
89.8	10.37404	72.89355	231.9137	0
89.9	10.37118	72.70768	232.1006	0
90	10.36881	72.55682	232.2871	0
90.1	10.36805	72.44127	232.4741	0
90.2	10.36762	72.36117	232.661	0
90.3	10.36604	72.31653	232.8478	0
90.4	10.3632	72.3073	233.0347	0
90.5	10.36102	72.33353	233.2211	0
90.6	10.3606	72.39533	233.408	0
90.7	10.35999	72.4926	233.5949	0
90.8	10.35825	72.62511	233.7817	0
90.9	10.35543	72.79262	233.9684	0
91	10.35358	72.99501	234.1548	0
91.1	10.35337	73.23214	234.3417	0
91.2	10.35249	73.50368	234.5286	0
91.3	10.35065	73.80921	234.7154	0
91.4	10.34794	74.1483	234.9019	0
91.5	10.34651	74.52061	235.0883	0
91.6	10.34625	74.92579	235.2752	0
91.7	10.34519	75.36331	235.4621	0
91.8	10.34336	75.83254	235.649	0
91.9	10.34074	76.33286	235.8353	0
92	10.33971	76.86372	236.0217	0
92.1	10.33932	77.42461	236.2086	0
92.2	10.3381	78.01476	236.3954	0
92.3	10.33626	78.63338	236.5822	0
92.4	10.33392	79.27969	236.7685	0
92.5	10.33314	79.953	236.9549	0
92.6	10.3325	80.65253	237.1418	0
92.7	10.33117	81.37738	237.3287	0
92.8	10.32944	82.12658	237.5153	0
92.9	10.32742	82.89925	237.7015	0
93	10.32666	83.6945	237.8879	0
93.1	10.32583	84.51141	238.0748	0
93.2	10.32449	85.34892	238.2617	0
93.3	10.32283	86.20592	238.448	0
93.4	10.32117	87.08149	238.6342	0
93.5	10.32036	87.97453	238.8204	0
93.6	10.31938	88.88399	239.0071	0
93.7	10.31804	89.80872	239.1936	0
93.8	10.31654	90.74757	239.3798	0
93.9	10.31521	91.69942	239.566	0
94	10.3142	92.66312	239.7522	0
94.1	10.3131	93.63747	239.9383	0
94.2	10.31188	94.62132	240.1245	0
94.3	10.31067	95.61344	240.3106	0
94.4	10.30942	96.61263	240.4968	0
94.5	10.30819	97.6177	240.683	0
94.6	10.30707	98.62739	240.8692	0
94.7	10.30591	99.64045	241.0553	0
94.8	10.30502	100.6557	241.2415	0
94.9	10.30374	101.6719	241.4276	0
95	10.30236	102.6877	241.6138	0
95.1	10.30123	103.702	241.8	0
95.2	10.30016	104.7135	241.9861	0
95.3	10.29967	105.721	242.1723	0
95.4	10.29827	106.7232	242.3584	0
95.5	10.29672	107.719	242.5446	0
95.6	10.29561	108.707	242.7308	0
95.7	10.29481	109.6862	242.917	0
95.8	10.29458	110.6553	243.1031	0
95.9	10.29296	111.6131	243.2892	0
96	10.29134	112.5585	243.4754	0
96.1	10.29035	113.4902	243.6616	0
96.2	10.2899	114.4073	243.8478	0
96.3	10.28973	115.3085	244.0339	0
96.4	10.28794	116.1928	244.22	0
96.5	10.28635	117.059	244.4057	0
96.6	10.28549	117.9062	244.5916	0
96.7	10.28543	118.7332	244.7777	0
96.8	10.28521	119.5391	244.9638	0
96.9	10.28333	120.323	245.1497	0
97	10.28179	121.0837	245.3351	0
97.1	10.28112	121.8205	245.5206	0
97.2	10.28145	122.5324	245.7068	0
97.3	10.28111	123.2185	245.8928	0
97.4	10.27913	123.8781	246.0784	0
97.5	10.27768	124.5103	246.2638	0
97.6	10.27732	125.1142	246.4493	0
97.7	10.27788	125.6893	246.6352	0
97.8	10.27737	126.2347	246.8211	0
97.9	10.27537	126.7499	247.0065	0
98	10.27405	127.2343	247.192	0
98.1	10.27405	127.6871	247.3775	0
98.2	10.27465	128.1078	247.5631	0
98.3	10.27401	128.4959	247.7485	0
98.4	10.27205	128.8511	247.9339	0
98.5	10.27084	129.1729	248.1194	0
98.6	10.27122	129.4607	248.3049	0
98.7	10.27174	129.7143	248.4902	0
98.8	10.27099	129.9333	248.6755	0
98.9	10.26908	130.1177	248.8607	0
99	10.26805	130.2671	249.0456	0
99.1	10.26875	130.3812	249.231	0
99.2	10.26913	130.4599	249.4163	0
99.3	10.26828	130.5033	249.6016	0
99.4	10.26643	130.5112	249.7865	0
99.5	10.26566	130.4837	249.9713	0
99.6	10.26653	130.4207	250.1566	0
99.7	10.2667	130.3222	250.342	0
99.8	10.26579	130.1885	250.5273	0
99.9	10.26402	130.0198	250.712	0
100	10.26358	129.8163	250.8967	0
100.1	10.26444	129.578	251.082	0
100.2	10.2644	129.3053	251.2673	0
100.3	10.26349	128.9987	251.4524	0
100.4	10.26182	128.6586	251.6371	0
100.5	10.26171	128.2853	251.8218	0
100.6	10.2624	127.8791	252.007	0
100.7	10.26219	127.4407	252.1923	0
100.8	10.26133	126.9706	252.3772	0
100.9	10.25981	126.4695	252.5618	0
101	10.25992	125.9379	252.7466	0
101.1	10.26039	125.3763	252.9316	0
101.2	10.26008	124.7855	253.1168	0
101.3	10.25927	124.1664	253.3015	0
101.4	10.25797	123.5197	253.4861	0
101.5	10.25814	122.846	253.6708	0
101.6	10.25838	122.1463	253.8554	0
101.7	10.25801	121.4214	254.04	0
101.8	10.25722	120.6722	254.2246	0
101.9	10.25622	119.8997	254.4093	0
102	10.2563	119.1048	254.594	0
102.1	10.25627	118.2884	254.7786	0
102.2	10.25581	117.4516	254.9632	0
102.3	10.25509	116.5954	255.1478	0
102.4	10.25442	115.7209	255.3325	0
102.5	10.25425	114.8291	255.5171	0
102.6	10.25399	113.9211	255.7018	0
102.7	10.25349	112.9981	255.8864	0
102.8	10.25294	112.0611	256.071	0
102.9	10.25244	111.1115	256.2556	0
103	10.25197	110.1502	256.4403	0
103.1	10.25152	109.1786	256.6249	0
103.2	10.25104	108.1977	256.8096	0
103.3	10.2507	107.2088	256.9942	0
103.4	10.2502	106.2132	257.1788	0
103.5	10.24942	105.2121	257.3635	0
103.6	10.24887	104.2066	257.5481	0
103.7	10.24839	103.1981	257.7328	0
103.8	10.24831	102.1877	257.9174	0
103.9	10.2477	101.1768	258.102	0
104	10.24667	100.1665	258.2866	0
104.1	10.24603	99.15816	258.4713	0
104.2	10.24556	98.15298	258.6559	0
104.3	10.24576	97.15218	258.8405	0
104.4	10.24495	96.15698	259.0251	0
104.5	10.2437	95.16869	259.2098	0
104.6	10.243	94.18848	259.3945	0
104.7	10.24266	93.21753	259.5791	0
104.8	10.24306	92.25707	259.7637	0
104.9	10.24201	91.30827	259.9483	0
105	10.24058	90.37231	260.133	0
105.1	10.23986	89.45036	260.3177	0
105.2	10.23978	88.54356	260.5023	0
105.3	10.24022	87.65299	260.6869	0
105.4	10.23895	86.77973	260.8715	0
105.5	10.23738	85.92489	261.0562	0
105.6	10.23668	85.08954	261.2409	0
105.7	10.23693	84.27475	261.4255	0
105.8	10.23728	83.48145	261.61	0
105.9	10.23579	82.71063	261.7946	0
106	10.23418	81.96325	261.9793	0
106.1	10.23355	81.24023	262.1641	0
106.2	10.23408	80.5425	262.3487	0
106.3	10.23424	79.87088	262.5332	0
106.4	10.23261	79.22619	262.7178	0
106.5	10.23099	78.60921	262.9025	0
106.6	10.23051	78.02074	263.0872	0
106.7	10.2312	77.46156	263.2719	0
106.8	10.23116	76.93229	263.4564	0
106.9	10.22944	76.43354	263.641	0
107	10.22782	75.96594	263.8257	0
107.1	10.22753	75.53013	264.0104	0
107.2	10.22827	75.12669	264.195	0
107.3	10.21625	74.7562	264.3796	0
107.4	10.1966	74.41946	264.5639	0
107.5	10.17793	74.11676	264.7471	0
107.6	10.16155	73.84845	264.9302	0
107.7	10.14669	73.61474	265.1117	0
107.8	10.13166	73.41571	265.2924	0
107.9	10.11635	73.25143	265.4717	0
108	10.10226	73.12206	265.6495	0
108.1	10.09111	73.02776	265.8265	0
108.2	10.08154	72.96864	266.0019	0
108.3	10.07207	72.94469	266.1763	0
108.4	10.06244	72.95586	266.3493	0
108.5	10.05376	73.00211	266.521	0
108.6	10.04805	73.08353	266.6919	0
108.7	10.04338	73.20005	266.8621	0
108.8	10.03858	73.35148	267.0313	0
108.9	10.0335	73.53761	267.1994	0
109	10.02872	73.7582	267.3673	0
109.1	10.02657	74.01315	267.5337	0
109.2	10.02498	74.30215	267.7	0
109.3	10.0229	74.62483	267.8662	0
109.4	10.02036	74.98072	268.0321	0
109.5	10.01773	75.3694	268.197	0
109.6	10.01714	75.79047	268.3618	0
109.7	10.01682	76.24347	268.5266	0
109.8	10.01587	76.72773	268.6913	0
109.9	10.01443	77.24261	268.8561	0
110	10.01271	77.78743	269.021	0
110.1	10.01251	78.36159	269.1858	0
110.2	10.01243	78.9644	269.3506	0
110.3	10.0118	79.59501	269.5154	0
110.4	10.01071	80.25256	269.6801	0
110.5	10.00943	80.93622	269.845	0
110.6	10.00916	81.64516	270.0098	0
110.7	10.00897	82.37849	270.1746	0
110.8	10.00838	83.13523	270.3394	0
110.9	10.00745	83.91437	270.5042	0
111	10.00646	84.71492	270.669	0
111.1	10.00596	85.53587	270.8338	0
111.2	10.00552	86.37606	270.9986	0
111.3	10.00489	87.23461	271.1634	0
111.4	10.00401	88.11028	271.3282	0
111.5	10.0032	89.00194	271.493	0
111.6	10.00235	89.90845	271.6578	0
111.7	10.00157	90.82865	271.8226	0
111.8	10.00077	91.76135	271.9874	0
111.9	9.999895	92.70532	272.1522	0
112	9.999191	93.65933	272.317	0
112.1	9.997958	94.62218	272.4818	0
112.2	9.996828	95.59261	272.6466	0
112.3	9.995883	96.56933	272.8115	0
112.4	9.995058	97.55114	272.9763	0
112.5	9.994514	98.53677	273.141	0
112.6	9.992974	99.5249	273.3058	0
112.7	9.991582	100.5142	273.4706	0
112.8	9.990587	101.5035	273.6355	0
112.9	9.989982	102.4915	273.8003	0
113	9.989688	103.477	273.965	0
113.1	9.988011	104.4586	274.1298	0
113.2	9.986501	105.4351	274.2946	0
113.3	9.985566	106.4052	274.4595	0
113.4	9.985281	107.3677	274.6243	0
113.5	9.985269	108.3214	274.789	0
113.6	9.983579	109.265	274.9538	0
113.7	9.98199	110.1973	275.1186	0
113.8	9.981131	111.117	275.2835	0
113.9	9.981193	112.0231	275.4483	0
114	9.981411	112.9144	275.613	0
114.1	9.979749	113.7896	275.7777	0
114.2	9.978083	114.6477	275.9418	0
114.3	9.97729	115.4875	276.1062	0
114.4	9.977627	116.3081	276.271	0
114.5	9.977951	117.1082	276.4357	0
114.6	9.976349	117.8869	276.6003	0
114.7	9.974582	118.6432	276.7637	0
114.8	9.973837	119.376	276.9271	0
114.9	9.974424	120.0845	277.0918	0
115	9.974779	120.7678	277.2565	0
115.1	9.973311	121.425	277.4207	0
115.2	9.971453	122.0551	277.584	0
115.3	9.970739	122.6575	277.7474	0
115.4	9.971562	123.2312	277.9114	0
115.5	9.971917	123.7757	278.0761	0
115.6	9.970652	124.2901	278.2397	0
115.7	9.968761	124.7739	278.403	0
115.8	9.968102	125.2264	278.5664	0
115.9	9.9691	125.6469	278.7297	0
116	9.969537	126.0351	278.893	0
116.1	9.96852	126.3903	279.0562	0
116.2	9.96662	126.7121	279.2195	0
116.3	9.966028	127.0001	279.3829	0
116.4	9.967074	127.254	279.5462	0
116.5	9.967492	127.4732	279.7094	0
116.6	9.966638	127.6578	279.8726	0
116.7	9.964748	127.8073	280.0359	0
116.8	9.964198	127.9216	280.1993	0
116.9	9.965202	128.0005	280.3625	0
117	9.96552	128.0439	280.5257	0
117.1	9.964772	128.0518	280.6889	0
117.2	9.962928	128.0242	280.8523	0
117.3	9.962395	127.9611	281.0156	0
117.4	9.963284	127.8626	281.1789	0
117.5	9.963494	127.7287	281.3421	0
117.6	9.962836	127.5598	281.5053	0
117.7	9.961102	127.356	281.6686	0
117.8	9.960602	127.1176	281.832	0
117.9	9.961327	126.8448	281.9952	0
118	9.961442	126.538	282.1584	0
118.1	9.960865	126.1977	282.3217	0
118.2	9.959343	125.8243	282.485	0
118.3	9.95887	125.4184	282.6483	0
118.4	9.959399	124.9802	282.8116	0
118.5	9.959429	124.5105	282.9748	0
118.6	9.958897	124.0099	283.138	0
118.7	9.957619	123.479	283.3013	0
118.8	9.957157	122.9186	283.4647	0
118.9	9.957462	122.3293	283.6279	0
119	9.957401	121.7119	283.7911	0
119.1	9.956921	121.0672	283.9544	0
119.2	9.955924	120.3961	284.1177	0
119.3	9.955471	119.6994	284.281	0
119.4	9.955509	118.978	284.4443	0
119.5	9.955334	118.2329	284.6075	0
119.6	9.954884	117.465	284.7708	0
119.7	9.954197	116.6753	284.9341	0
119.8	9.953739	115.8649	285.0973	0
119.9	9.953458	115.0348	285.2606	0
120	9.95315	114.1861	285.4239	0
120.1	9.952752	113.3199	285.5872	0
120.2	9.952349	112.4373	285.7504	0
120.3	9.951912	111.5395	285.9137	0
120.4	9.951324	110.6276	286.077	0
120.5	9.950451	109.7029	286.2402	0
120.6	9.934391	108.7671	286.4035	0
120.7	9.917059	107.8225	286.5656	0
120.8	9.900315	106.8701	286.7274	0
120.9	9.883803	105.9113	286.8877	0
121	9.868436	104.947	287.0471	0
121.1	9.854339	103.9784	287.2052	0
121.2	9.841939	103.0068	287.3621	0
121.3	9.830585	102.0331	287.5175	0
121.4	9.819427	101.0585	287.6712	0
121.5	9.809882	100.0843	287.8235	0
121.6	9.802035	99.11148	287.9744	0
121.7	9.796142	98.1412	288.1238	0
121.8	9.791355	97.17457	288.2719	0
121.9	9.786148	96.21285	288.4185	0
122	9.782261	95.25721	288.5638	0
122.1	9.780007	94.30875	288.7083	0
122.2	9.779538	93.36867	288.8516	0
122.3	9.779884	92.4381	288.994	0
122.4	9.77904	91.51832	289.1358	0
122.5	9.778797	90.6105	289.2762	0
122.6	9.779911	89.71578	289.4167	0
122.7	9.782605	88.83532	289.557	0
122.8	9.785744	87.97027	289.696	0
122.9	9.787181	87.12184	289.8348	0
123	9.788315	86.29122	289.9738	0
123.1	9.790533	85.47942	290.1127	0
123.2	9.794254	84.68759	290.2516	0
123.3	9.798061	83.91678	290.3903	0
123.4	9.800043	83.16812	290.5291	0
123.5	9.800915	82.44267	290.6681	0
123.6	9.802614	81.74133	290.8071	0
123.7	9.805889	81.06507	290.946	0
123.8	9.809043	80.41481	291.0852	0
123.9	9.8104	79.79151	291.2256	0
124	9.810118	79.19604	291.3661	0
124.1	9.810453	78.6292	291.5066	0
124.2	9.812495	78.09171	291.647	0
124.3	9.814386	77.58434	291.7876	0
124.4	9.814649	77.1078	291.9294	0
124.5	9.813059	76.66277	292.0714	0
124.6	9.811836	76.24979	292.2134	0
124.7	9.81251	75.86942	292.3554	0
124.8	9.813137	75.52218	292.4972	0
124.9	9.812401	75.20853	292.6391	0
125	9.809874	74.92889	292.781	0
125.1	9.807424	74.68361	292.9237	0
125.2	9.806988	74.47301	293.0672	0
125.3	9.806691	74.29736	293.2105	0
125.4	9.805242	74.15688	293.3539	0
125.5	9.802344	74.05175	293.4973	0
125.6	9.799185	73.98206	293.6409	0
125.7	9.798177	73.94788	293.7844	0
125.8	9.797551	73.94929	293.9278	0
125.9	9.795962	73.98625	294.0711	0
126	9.793355	74.05869	294.2146	0
126.1	9.790154	74.16646	294.3581	0
126.2	9.789038	74.30944	294.5016	0
126.3	9.788481	74.48746	294.645	0
126.4	9.787215	74.70024	294.7883	0
126.5	9.785247	74.94749	294.9316	0
126.6	9.782582	75.22886	295.0736	0
126.7	9.781698	75.54397	295.2156	0
126.8	9.781491	75.89246	295.3575	0
126.9	9.780783	76.27384	295.4993	0
127	9.779593	76.68758	295.6412	0
127.1	9.777683	77.1331	295.7831	0
127.2	9.777008	77.60985	295.9251	0
127.3	9.77702	78.11722	296.067	0
127.4	9.776752	78.65454	296.2089	0
127.5	9.776093	79.22108	296.3507	0
127.6	9.774987	79.81606	296.4927	0
127.7	9.774475	80.43869	296.6346	0
127.8	9.774502	81.08818	296.7765	0
127.9	9.77448	81.76369	296.9175	0
128	9.774204	82.46428	297.0579	0
128.1	9.773819	83.189	297.1983	0
128.2	9.773476	83.93695	297.3387	0
128.3	9.773361	84.7071	297.4791	0
128.4	9.773346	85.49843	297.6195	0
128.5	9.773204	86.3099	297.7599	0
128.6	9.773209	87.1404	297.9002	0
128.7	9.772945	87.98883	298.0406	0
128.8	9.772505	88.85404	298.181	0
128.9	9.764457	89.73468	298.3214	0
129	9.750216	90.62867	298.4618	0
129.1	9.737082	91.53476	298.6017	0
129.2	9.724335	92.4518	298.7405	0
129.3	9.711679	93.37856	298.8783	0
129.4	9.700109	94.3139	299.015	0
129.5	9.689916	95.25674	299.1505	0
129.6	9.681318	96.20591	299.2845	0
129.7	9.674066	97.16033	299.417	0
129.8	9.666638	98.11874	299.5479	0
129.9	9.660595	99.08005	299.6772	0
130	9.656358	100.0432	299.8048	0
130.1	9.654159	101.007	299.9308	0
130.2	9.653758	101.9704	300.0551	0
130.3	9.652744	102.9321	300.1779	0
130.4	9.652608	103.8909	300.299	0
130.5	9.654253	104.8459	300.4186	0
130.6	9.658007	105.7958	300.5367	0
130.7	9.663546	106.7395	300.6535	0
130.8	9.668226	107.6757	300.7689	0
130.9	9.672724	108.6033	300.8834	0
131	9.678785	109.521	300.9963	0
131.1	9.686685	110.4279	301.1083	0
131.2	9.696148	111.3227	301.2196	0
131.3	9.704543	112.2042	301.33	0
131.4	9.711661	113.0711	301.4399	0
131.5	9.719614	113.9223	301.5499	0
131.6	9.729298	114.7567	301.6594	0
131.7	9.740156	115.5733	301.7676	0
131.8	9.749692	116.3708	301.8759	0
131.9	9.756852	117.1477	301.9858	0
132	9.763958	117.9033	302.0958	0
132.1	9.772578	118.6364	302.2057	0
132.2	9.781945	119.3461	302.3163	0
132.3	9.789757	120.0311	302.4276	0
132.4	9.794508	120.6903	302.5401	0
132.5	9.798282	121.3228	302.6535	0
132.6	9.803142	121.9277	302.7681	0
132.7	9.808367	122.5042	302.8839	0
132.8	9.81187	123.0513	303.001	0
132.9	9.812256	123.568	303.1195	0
133	9.811055	124.0537	303.2394	0
133.1	9.81073	124.5078	303.3607	0
133.2	9.810578	124.9296	303.4833	0
133.3	9.808558	125.3183	303.6072	0
133.4	9.803851	125.6735	303.7325	0
133.5	9.797393	125.9947	303.8593	0
133.6	9.792069	126.2816	303.9871	0
133.7	9.787277	126.5338	304.1157	0
133.8	9.78089	126.751	304.2453	0
133.9	9.772451	126.9329	304.3755	0
134	9.762348	127.0794	304.5069	0
134.1	9.753756	127.1905	304.6382	0
134.2	9.746442	127.266	304.7694	0
134.3	9.738346	127.3059	304.9006	0
134.4	9.729162	127.3103	305.0318	0
134.5	9.718656	127.2792	305.1631	0
134.6	9.709766	127.2128	305.2944	0
134.7	9.702666	127.1113	305.4255	0
134.8	9.69561	126.9749	305.5552	0
134.9	9.688399	126.8037	305.6848	0
135	9.680583	126.5981	305.813	0
135.1	9.674351	126.3584	305.9406	0
135.2	9.6701	126.0849	306.0671	0
135.3	9.666439	125.778	306.1924	0
135.4	9.662907	125.4382	306.3166	0
135.5	9.659598	125.0658	306.4396	0
135.6	9.657471	124.6613	306.5616	0
135.7	9.657471	124.2253	306.682	0
135.8	9.658316	123.7582	306.8011	0
135.9	9.659434	123.2607	306.9191	0
136	9.660901	122.7333	307.0359	0
136.1	9.663094	122.1767	307.1516	0
136.2	9.666952	121.5915	307.266	0
136.3	9.671867	120.9784	307.3791	0
136.4	9.677284	120.3382	307.4914	0
136.5	9.68291	119.6716	307.6027	0
136.6	9.688988	118.9794	307.7129	0
136.7	9.695456	118.2625	307.8228	0
136.8	9.702708	117.5217	307.9315	0
136.9	9.710424	116.7579	308.0398	0
137	9.718492	115.9723	308.1481	0
137.1	9.727096	115.1655	308.2553	0
137.2	9.735	114.3387	308.3621	0
137.3	9.742664	113.493	308.4689	0
137.4	9.750305	112.6295	308.5757	0
137.5	9.757929	111.7494	308.6827	0
137.6	9.766127	110.8536	308.7911	0
137.7	9.77318	109.9436	308.8995	0
137.8	9.779407	109.0204	309.0082	0
137.9	9.785297	108.0855	309.1181	0
138	9.790409	107.14	309.2285	0
138.1	9.795396	106.1853	309.34	0
138.2	9.79837	105.2228	309.4528	0
138.3	9.800168	104.254	309.5667	0
138.4	9.802311	103.28	309.6816	0
138.5	9.804197	102.3023	309.7976	0
138.6	9.805702	101.3222	309.915	0
138.7	9.804114	100.3413	310.0339	0
138.8	9.799803	99.36128	310.1543	0
138.9	9.795473	98.38328	310.276	0
139	9.792003	97.40861	310.3987	0
139.1	9.789767	96.43852	310.5223	0
139.2	9.785518	95.47448	310.6473	0
139.3	9.777844	94.51801	310.7733	0
139.4	9.768851	93.57047	310.9	0
139.5	9.759981	92.63311	311.028	0
139.6	9.752592	91.70713	311.1564	0
139.7	9.745333	90.79369	311.2847	0
139.8	9.736599	89.894	311.413	0
139.9	9.72748	89.00917	311.5424	0
140	9.718537	88.14034	311.6718	0
140.1	9.710001	87.2887	311.8012	0
140.2	9.700857	86.45535	311.9294	0
140.3	9.690692	85.64151	312.0578	0
140.4	9.682175	84.8478	312.1849	0
140.5	9.676393	84.07494	312.3116	0
140.6	9.672743	83.32383	312.4366	0
140.7	9.668077	82.59562	312.561	0
140.8	9.66078	81.89141	312.6844	0
140.9	9.653011	81.2121	312.8066	0
141	9.648478	80.55816	312.9276	0
141.1	9.649043	79.92994	313.0467	0
141.2	9.651485	79.32809	313.1639	0
141.3	9.652983	78.75361	313.2794	0
141.4	9.652082	78.20744	313.3936	0
141.5	9.65144	77.69034	313.5061	0
141.6	9.654007	77.20313	313.6169	0
141.7	9.658239	76.74631	313.7262	0
141.8	9.664423	76.31987	313.8336	0
141.9	9.672333	75.92375	313.9385	0
142	9.682321	75.55825	314.0412	0
142.1	9.693984	75.22438	314.1418	0
142.2	9.703943	74.92334	314.2402	0
142.3	9.713376	74.65676	314.3362	0
142.4	9.723335	74.42709	314.4294	0
142.5	9.735562	74.23603	314.5198	0
142.6	9.752767	74.08454	314.6073	0
142.7	9.772547	73.97252	314.692	0
142.8	9.792705	73.8984	314.7746	0
142.9	9.812559	73.85857	314.8543	0
143	9.83499	73.8485	314.9289	0
143.1	9.86117	73.86227	314.997	0
143.2	9.883447	73.89294	315.0579	0
143.3	9.896203	73.93246	315.1089	0
143.4	9.900902	73.97163	315.1455	0
143.5	9.907596	74.00106	315.1622	0
143.6	9.923781	74.01126	315.1533	0
143.7	9.948451	73.99229	315.1141	0
143.8	9.991858	73.93239	315.0418	0
143.9	10.06587	73.8164	314.9369	0
144	10.1772	73.62802	314.7986	0
144.1	10.35603	73.35379	314.6241	0
144.2	10.63316	72.98193	314.4119	0
144.3	11.00673	72.50367	314.1618	0
144.4	11.44674	71.91341	313.8749	0
144.5	11.90486	71.20817	313.5536	0
144.6	12.34254	70.38746	313.2009	0
144.7	12.73286	69.45449	312.8182	0
144.8	13.06765	68.41837	312.4031	0
144.9	13.36554	67.29377	311.9477	0
145	13.66363	66.10149	311.437	0
145.1	14.01453	64.86664	310.85	0
145.2	14.44669	63.61563	310.1639	0
145.3	14.95241	62.37715	309.3559	0
145.4	15.54332	61.18519	308.4012	0
145.5	16.23901	60.08532	307.2733	0
145.6	17.02457	59.14037	305.9504	0
145.7	17.86157	58.41932	304.431	0
145.8	18.70783	57.9806	302.7422	0
145.9	19.51835	57.85921	300.9385	0
146	20.25719	58.06159	299.094	0
146.1	20.92372	58.5516	297.2861	0
146.2	21.47134	59.23324	295.574	0
146.3	21.91491	59.96784	293.9756	0
146.4	22.31988	60.60627	292.4768	0
146.5	22.69053	60.98344	291.0561	0
146.6	23.07564	60.97354	289.671	0
146.7	23.46519	60.52036	288.281	0
146.8	23.85803	59.62819	286.8538	0
146.9	24.2094	58.34978	285.3608	0
147	24.54045	56.78223	283.7746	0
147.1	24.89257	55.06155	282.0693	0
147.2	25.30052	53.35198	280.2231	0
147.3	25.75357	51.83123	278.223	0
147.4	26.23539	50.66832	276.0715	0
147.5	26.72832	50.00054	273.7896	0
147.6	27.22897	49.91327	271.4157	0
147.7	27.70549	50.42968	269.0015	0
147.8	28.13257	51.50697	266.6044	0
147.9	28.48412	53.04166	264.2802	0
148	28.7653	54.88049	262.0769	0
148.1	28.97048	56.83917	260.0305	0
