Time	Aircraft Simulation Airspeed	Aircraft Simulation Pitch Angle
0.1	0.04759878	0.6822815
0.2	0.01438668	0.7429504
0.3	0.007053338	0.7312012
0.4	0.004284873	0.7396851
0.5	0.001298716	0.7437744
0.6	0.0005394977	0.745575
0.7	-0.0002361696	0.7479553
0.8	0.0009811819	0.7468872
0.9	0.001632108	0.7461548
1	0.003901398	0.7449341
1.1	0.02377786	0.7436829
1.2	0.08152802	0.7414551
1.3	0.1861284	0.7395325
1.4	0.3380856	0.736908
1.5	0.5363446	0.7348938
1.6	0.7810162	0.7326965
1.7	1.069726	0.7305908
1.8	1.40126	0.7288208
1.9	1.774066	0.7272949
2	2.184907	0.7256775
2.1	2.630826	0.7249451
2.2	3.109954	0.724762
2.3	3.621121	0.7246399
2.4	4.148465	0.7263184
2.5	4.661204	0.7287292
2.6	5.159252	0.7303467
2.7	5.643639	0.7325439
2.8	6.115076	0.7350159
2.9	6.574847	0.737793
3	7.023694	0.7409058
3.1	7.461946	0.7512512
3.2	7.890804	0.7600403
3.3	8.310463	0.7657166
3.4	8.722124	0.7697754
3.5	9.126314	0.7731018
3.6	9.520301	0.8494568
3.7	9.903462	1.34726
3.8	10.28615	2.611633
3.9	10.67995	4.685608
4	11.08447	7.094543
4.1	11.47641	9.011841
4.2	11.81385	10.944
4.3	12.10616	13.43381
4.4	12.3679	15.74957
4.5	12.59122	17.63287
4.6	12.76968	19.26382
4.7	12.9116	20.74619
4.8	13.02457	21.90756
4.9	13.11279	22.65677
5	13.18732	22.82443
5.1	13.2477	22.31741
5.2	13.30112	21.31921
5.3	13.35281	20.10922
5.4	13.41897	18.71667
5.5	13.49594	17.13516
5.6	13.59043	15.60757
5.7	13.70712	14.13278
5.8	13.84428	12.51901
5.9	13.99674	10.86209
6	14.16295	9.741638
6.1	14.34581	9.475128
6.2	14.53236	9.937714
6.3	14.70806	11.06616
6.4	14.85747	12.86041
6.5	14.96548	15.67856
6.6	15.03032	19.20789
6.7	15.03854	23.12888
6.8	14.96613	27.83713
6.9	14.8297	33.22363
7	14.64896	38.33923
7.1	14.41939	42.80798
7.2	14.13778	47.05591
7.3	13.82178	50.86694
7.4	13.47713	54.1134
7.5	13.11328	56.70468
7.6	12.73132	58.64975
7.7	12.32871	60.26538
7.8	11.91407	62.30496
7.9	11.5196	63.76785
8	11.12454	64.20206
8.1	10.72843	63.97635
8.2	10.3398	63.28574
8.3	9.968452	62.04459
8.4	9.613914	59.94922
8.5	9.276615	57.08936
8.6	8.968706	53.60513
8.7	8.697333	49.55664
8.8	8.469778	45.34467
8.9	8.302282	41.23401
9	8.197098	37.21402
9.1	8.155768	33.36978
9.2	8.179538	29.75009
9.3	8.267948	26.21506
9.4	8.416286	22.64093
9.5	8.618189	19.13019
9.6	8.872995	15.80603
9.7	9.171909	12.75504
9.8	9.509573	10.22101
9.9	9.87871	8.32666
10	10.26572	7.217529
10.1	10.65978	7.120422
10.2	11.05256	7.919312
10.3	11.42983	9.385773
10.4	11.78222	11.37994
10.5	12.10672	13.48883
10.6	12.39781	15.53735
10.7	12.65224	17.26501
10.8	12.8633	18.65796
10.9	13.0338	19.77802
11	13.17121	20.56268
11.1	13.2808	20.89243
11.2	13.36149	20.95511
11.3	13.42479	21.33807
11.4	13.47591	22.33835
11.5	13.53421	23.48846
11.6	13.56439	24.21826
11.7	13.57383	25.51968
11.8	13.58482	26.65231
11.9	13.57769	26.99078
12	13.54605	26.76376
12.1	13.50504	26.50592
12.2	13.46626	26.35345
12.3	13.43215	26.2478
12.4	13.40283	25.99982
12.5	13.37387	25.56912
12.6	13.34245	25.2467
12.7	13.31379	25.61255
12.8	13.29407	26.64728
12.9	13.28479	27.30524
13	13.2646	27.05444
13.1	13.22803	26.31836
13.2	13.19511	25.68768
13.3	13.17446	25.18204
13.4	13.1648	24.70184
13.5	13.1652	24.15454
13.6	13.1732	23.48691
13.7	13.18916	22.77252
13.8	13.21484	22.05774
13.9	13.2507	21.33533
14	13.29612	20.59842
14.1	13.35096	19.86127
14.2	13.41523	19.13116
14.3	13.48852	18.41156
14.4	13.57057	17.70856
14.5	13.66093	17.02197
14.6	13.75906	16.35217
14.7	13.86441	15.71088
14.8	13.97717	15.09732
14.9	14.09695	14.50323
15	14.2232	13.93076
15.1	14.35566	13.39185
15.2	14.49361	12.88229
15.3	14.63588	12.40063
15.4	14.78125	11.95959
15.5	14.9289	11.5632
15.6	15.07761	11.20612
15.7	15.22614	10.89444
15.8	15.37378	10.64099
15.9	15.51983	10.4422
16	15.66355	10.30225
16.1	15.80506	10.23685
16.2	15.94392	10.23724
16.3	16.07926	10.28683
16.4	16.20992	10.38467
16.5	16.33556	10.51553
16.6	16.45563	10.66464
16.7	16.56971	10.84149
16.8	16.67768	11.04761
16.9	16.77837	11.27213
17	16.86952	11.51642
17.1	16.9467	11.78159
17.2	17.00497	12.06598
17.3	17.04816	12.38773
17.4	17.08857	12.77252
17.5	17.13811	13.22983
17.6	17.19721	13.77908
17.7	17.25445	14.41904
17.8	17.29012	15.12225
17.9	17.28726	15.87601
18	17.23959	16.64502
18.1	17.15314	17.38531
18.2	17.04348	18.07401
18.3	16.9303	18.70862
18.4	16.83082	19.26822
18.5	16.75916	19.71619
18.6	16.72196	20.07422
18.7	16.71498	20.34869
18.8	16.72507	20.54742
18.9	16.73768	20.70721
19	16.73879	20.84793
19.1	16.71521	21.02533
19.2	16.6679	21.29565
19.3	16.61286	21.41794
19.4	16.54506	20.6308
19.5	16.46855	18.80841
19.6	16.40413	15.75693
19.7	16.36395	11.29239
19.8	16.36572	6.351013
19.9	16.47379	2.31073
20	16.66234	-1.157061
20.1	16.90416	-3.97242
20.2	17.19067	-5.797216
20.3	17.51691	-6.734676
20.4	17.85612	-7.502481
20.5	18.1985	-7.887532
20.6	18.54961	-7.82595
20.7	18.89448	-7.606273
20.8	19.22211	-7.005276
20.9	19.53983	-5.1643
21	19.8552	-2.241026
21.1	20.13543	0.09085083
21.2	20.33881	1.538422
21.3	20.49852	3.083984
21.4	20.62982	4.719543
21.5	20.73086	6.328583
21.6	20.80457	7.790527
21.7	20.84362	8.190796
21.8	20.82835	7.964569
21.9	20.84172	8.273499
22	20.83464	7.220154
22.1	20.80995	6.191528
22.2	20.83077	6.52774
22.3	20.87807	7.210602
22.4	20.89808	6.706879
22.5	20.88991	6.440552
22.6	20.92317	7.323242
22.7	20.95222	8.35675
22.8	20.96568	9.535248
22.9	20.96219	10.79572
23	20.94045	12.18668
23.1	20.89935	13.63388
23.2	20.83498	15.11746
23.3	20.74942	16.65454
23.4	20.64296	18.21027
23.5	20.51669	19.78964
23.6	20.37058	21.37201
23.7	20.20391	22.93314
23.8	20.01728	24.46997
23.9	19.81232	25.96533
24	19.58996	27.40399
24.1	19.35213	28.7977
24.2	19.10034	30.12485
24.3	18.83522	31.3884
24.4	18.55929	32.59784
24.5	18.27686	33.68262
24.6	17.98697	33.948
24.7	17.66984	33.45325
24.8	17.3682	33.67587
24.9	17.0928	34.33453
25	16.82536	34.67834
25.1	16.54993	34.06485
25.2	16.26697	33.51318
25.3	16.02109	33.56375
25.4	15.78317	33.00235
25.5	15.54924	32.75333
25.6	15.34486	32.31049
25.7	15.14541	30.9133
25.8	14.94858	28.70782
25.9	14.77854	26.92374
26	14.65269	25.93619
26.1	14.56364	25.30911
26.2	14.49061	24.56836
26.3	14.42999	23.8349
26.4	14.38438	23.23773
26.5	14.35341	22.69272
26.6	14.33239	22.13785
26.7	14.32034	21.6066
26.8	14.31714	21.10309
26.9	14.32121	20.59244
27	14.33147	20.08649
27.1	14.3479	19.60321
27.2	14.37043	19.13181
27.3	14.39869	18.66458
27.4	14.43297	18.21893
27.5	14.47414	17.80594
27.6	14.52213	17.41214
27.7	14.57614	17.03558
27.8	14.6359	16.69357
27.9	14.70114	16.38196
28	14.76882	16.07803
28.1	14.83551	15.78156
28.2	14.89888	15.4938
28.3	14.95547	15.20197
28.4	15.00118	14.9118
28.5	15.03364	14.64487
28.6	15.05267	14.40363
28.7	15.06174	14.19528
28.8	15.06765	14.04318
28.9	15.07882	13.94766
29	15.10151	13.89191
29.1	15.13944	13.89304
29.2	15.19243	13.95645
29.3	15.25661	14.05154
29.4	15.32552	14.18201
29.5	15.39454	14.35577
29.6	15.45888	14.5415
29.7	15.51477	14.73328
29.8	15.56104	14.94287
29.9	15.59735	15.1521
30	15.62311	15.35217
30.1	15.63965	15.5625
30.2	15.64892	15.77753
30.3	15.65174	15.98587
30.4	15.64996	16.20886
30.5	15.64595	16.44635
30.6	15.64022	16.6799
30.7	15.633	16.92792
30.8	15.62506	17.19272
30.9	15.61559	17.44916
31	15.60369	17.71133
31.1	15.58904	17.98486
31.2	15.57086	18.24252
31.3	15.54845	18.49368
31.4	15.52199	18.74954
31.5	15.49155	18.98569
31.6	15.45692	19.20612
31.7	15.41889	19.42706
31.8	15.37821	19.63025
31.9	15.33488	19.81201
32	15.28959	19.99219
32.1	15.2435	20.15939
32.2	15.19624	20.30072
32.3	15.14814	20.43689
32.4	15.10041	20.56543
32.5	15.05221	20.66315
32.6	15.00393	20.7486
32.7	14.95607	20.8295
32.8	14.90873	20.87939
32.9	14.86152	20.90802
33	14.81497	20.93198
33.1	14.76996	20.93042
33.2	14.72552	20.90024
33.3	14.68235	20.86179
33.4	14.64155	20.80923
33.5	14.60234	20.72281
33.6	14.56503	20.62302
33.7	14.53055	20.51877
33.8	14.49893	20.38425
33.9	14.46976	20.23041
34	14.44361	20.07498
34.1	14.42111	19.90176
34.2	14.40156	19.70374
34.3	14.38527	19.50052
34.4	14.3729	19.29535
34.5	14.36384	19.06458
34.6	14.35806	18.82458
34.7	14.35602	18.58923
34.8	14.35791	18.3389
34.9	14.36301	18.07535
35	14.37158	17.81641
35.1	14.38417	17.55811
35.2	14.39986	17.28497
35.3	14.41877	17.01468
35.4	14.44134	16.75766
35.5	14.46725	16.49139
35.6	14.49585	16.22525
35.7	14.52812	15.97318
35.8	14.56602	15.72397
35.9	14.61101	15.47858
36	14.66594	15.26349
36.1	14.73315	15.09271
36.2	14.81278	14.95697
36.3	14.90317	14.88074
36.4	15.00083	14.87808
36.5	15.10051	14.92786
36.6	15.19564	15.0256
36.7	15.28124	15.15808
36.8	15.35625	15.27029
36.9	15.4244	15.3132
37	15.49183	15.27396
37.1	15.56346	15.15005
37.2	15.64005	14.94281
37.3	15.71997	14.68332
37.4	15.80068	14.40793
37.5	15.87982	14.13785
37.6	15.95619	13.89874
37.7	16.03005	13.71722
37.8	16.10255	13.60339
37.9	16.17404	13.55463
38	16.24446	13.57028
38.1	16.31345	13.64468
38.2	16.38007	13.75989
38.3	16.44341	13.90286
38.4	16.50322	14.06485
38.5	16.55924	14.2323
38.6	16.59032	14.41156
38.7	16.59325	14.61829
38.8	16.59196	14.82281
38.9	16.57272	15.02777
39	16.55087	15.23502
39.1	16.51437	15.444
39.2	16.4553	15.67392
39.3	16.39058	15.9075
39.4	16.2991	16.15454
39.5	16.20324	16.40408
39.6	16.10639	16.63892
39.7	16.00876	16.85498
39.8	15.91078	17.04904
39.9	15.81283	17.21396
40	15.7152	17.34894
40.1	15.61849	17.45578
40.2	15.52327	17.52719
40.3	15.42962	17.56183
40.4	15.3382	17.56711
40.5	15.24964	17.54007
40.6	15.16399	17.4769
40.7	15.08177	17.38651
40.8	15.00354	17.26953
40.9	14.9295	17.12042
41	14.85991	16.94632
41.1	14.79532	16.75024
41.2	14.73592	16.52643
41.3	14.68184	16.27936
41.4	14.63344	16.01367
41.5	14.59105	15.72495
41.6	14.55459	15.41571
41.7	14.52431	15.09149
41.8	14.50045	14.7514
41.9	14.48275	14.39307
42	14.47145	14.02634
42.1	14.46662	13.6521
42.2	14.46811	13.26471
42.3	14.47568	12.87482
42.4	14.48953	12.48621
42.5	14.50947	12.09439
42.6	14.53495	11.70193
42.7	14.56608	11.31995
42.8	14.60268	10.94583
42.9	14.64425	10.57266
43	14.69045	10.21597
43.1	14.74126	9.876251
43.2	14.7963	9.544281
43.3	14.85474	9.228088
43.4	14.91672	8.936584
43.5	14.98184	8.661682
43.6	15.04922	8.399475
43.7	15.11885	8.166901
43.8	15.19035	7.958221
43.9	15.26319	7.762604
44	15.33675	7.5961
44.1	15.41098	7.459259
44.2	15.48541	7.338928
44.3	15.55917	7.244019
44.4	15.63244	7.181458
44.5	15.70482	7.138428
44.6	15.77529	7.115601
44.7	15.84415	7.126221
44.8	15.91107	7.158386
44.9	15.97513	7.205872
45	16.03649	7.285339
45.1	16.09499	7.386658
45.2	16.14989	7.499695
45.3	16.20118	7.641296
45.4	16.24891	7.803711
45.5	16.29242	7.974182
45.6	16.33162	8.168915
45.7	16.36677	8.382629
45.8	16.39728	8.600555
45.9	16.42302	8.837708
46	16.44441	9.091095
46.1	16.46096	9.344971
46.2	16.47254	9.612579
46.3	16.47967	9.893402
46.4	16.48195	10.17014
46.5	16.4793	10.45523
46.6	16.47227	10.75021
46.7	16.46066	11.03702
46.8	16.44434	11.32669
46.9	16.42393	11.62253
47	16.39938	11.90619
47.1	16.37054	12.18701
47.2	16.33809	12.47034
47.3	16.30212	12.73828
47.4	16.26241	12.9982
47.5	16.21975	13.2576
47.6	16.17433	13.49893
47.7	16.12586	13.72665
47.8	16.0752	13.95123
47.9	16.02262	14.15631
48	15.96782	14.34244
48.1	15.91161	14.52313
48.2	15.85449	14.68427
48.3	15.79604	14.82126
48.4	15.73699	14.95053
48.5	15.67797	15.06207
48.6	15.61862	15.14566
48.7	15.55947	15.21866
48.8	15.50124	15.27679
48.9	15.44371	15.30481
49	15.38713	15.31909
49.1	15.33229	15.32227
49.2	15.27912	15.2962
49.3	15.22757	15.25168
49.4	15.17845	15.19965
49.5	15.13195	15.12357
49.6	15.0877	15.02408
49.7	15.04635	14.91898
49.8	15.00837	14.7981
49.9	14.9733	14.65134
50	14.94141	14.49802
50.1	14.91334	14.33862
50.2	14.88879	14.15564
50.3	14.86758	13.96188
50.4	14.85033	13.7699
50.5	14.83706	13.56247
50.6	14.82727	13.34009
50.7	14.82127	13.12283
50.8	14.81948	12.90237
50.9	14.82119	12.66623
51	14.82635	12.43274
51.1	14.83551	12.20801
51.2	14.84824	11.97318
51.3	14.86404	11.73624
51.4	14.88328	11.51495
51.5	14.90597	11.29324
51.6	14.93132	11.06738
51.7	14.95936	10.85733
51.8	14.99047	10.65909
51.9	15.02382	10.45782
52	15.05908	10.26779
52.1	15.09667	10.09909
52.2	15.13605	9.932281
52.3	15.17665	9.772522
52.4	15.21864	9.637207
52.5	15.26192	9.511292
52.6	15.30575	9.39093
52.7	15.35001	9.292877
52.8	15.39496	9.211517
52.9	15.43979	9.135406
53	15.48418	9.077148
53.1	15.52856	9.041168
53.2	15.57218	9.010803
53.3	15.61473	8.994171
53.4	15.65642	9.001801
53.5	15.69688	9.016815
53.6	15.73561	9.041992
53.7	15.77282	9.090546
53.8	15.80828	9.147736
53.9	15.84159	9.212616
54	15.87271	9.297607
54.1	15.90182	9.392578
54.2	15.92831	9.492554
54.3	15.95218	9.609039
54.4	15.97378	9.736328
54.5	15.99248	9.865967
54.6	16.00826	10.00766
54.7	16.02156	10.15988
54.8	16.03185	10.3118
54.9	16.03912	10.4715
55	16.04382	10.64108
55.1	16.04552	10.8078
55.2	16.04423	10.97824
55.3	16.04035	11.15656
55.4	16.03365	11.32971
55.5	16.0241	11.50305
55.6	16.01213	11.6824
55.7	15.99761	11.8544
55.8	15.98048	12.02316
55.9	15.96117	12.19559
56	15.9397	12.35883
56.1	15.916	12.51544
56.2	15.89042	12.67319
56.3	15.8632	12.82077
56.4	15.83416	12.95862
56.5	15.80364	13.09488
56.6	15.77204	13.22125
56.7	15.73913	13.33521
56.8	15.70519	13.44458
56.9	15.67074	13.54498
57	15.63553	13.63043
57.1	15.59982	13.7084
57.2	15.56411	13.77911
57.3	15.52822	13.83374
57.4	15.49238	13.87836
57.5	15.457	13.91687
57.6	15.42205	13.9389
57.7	15.38764	13.94919
57.8	15.35409	13.9538
57.9	15.3216	13.9437
58	15.29015	13.92075
58.1	15.25994	13.89145
58.2	15.2313	13.85114
58.3	15.20406	13.79733
58.4	15.1784	13.73608
58.5	15.15473	13.66833
58.6	15.13279	13.58755
58.7	15.11275	13.49838
58.8	15.09483	13.40567
58.9	15.079	13.30286
59	15.06528	13.19244
59.1	15.05375	13.07904
59.2	15.04451	12.95981
59.3	15.03746	12.83405
59.4	15.03262	12.7059
59.5	15.03011	12.57617
59.6	15.02979	12.44196
59.7	15.03162	12.30606
59.8	15.03566	12.17154
59.9	15.04181	12.03531
60	15.04997	11.8988
60.1	15.06009	11.76508
60.2	15.07216	11.63342
60.3	15.086	11.50388
60.4	15.10153	11.37787
60.5	15.1187	11.25601
60.6	15.13735	11.13876
60.7	15.15732	11.02631
60.8	15.17856	10.91965
60.9	15.2009	10.81909
61	15.22419	10.72507
61.1	15.24834	10.63782
61.2	15.27319	10.55835
61.3	15.29861	10.48694
61.4	15.32443	10.42261
61.5	15.35049	10.36673
61.6	15.37667	10.31958
61.7	15.40289	10.28137
61.8	15.42894	10.25046
61.9	15.45471	10.22946
62	15.48003	10.21692
62.1	15.50481	10.21136
62.2	15.52886	10.21548
62.3	15.55217	10.22873
62.4	15.57461	10.24832
62.5	15.59594	10.27612
62.6	15.61621	10.31369
62.7	15.63533	10.35727
62.8	15.65304	10.40677
62.9	15.66941	10.46591
63	15.68443	10.53094
63.1	15.69782	10.59933
63.2	15.70965	10.67596
63.3	15.71996	10.75861
63.4	15.72858	10.84195
63.5	15.73547	10.93195
63.6	15.74073	11.02734
63.7	15.74432	11.12192
63.8	15.7461	11.22052
63.9	15.74624	11.32382
64	15.74481	11.4256
64.1	15.74155	11.52832
64.2	15.73675	11.63501
64.3	15.73049	11.73962
64.4	15.72243	11.84137
64.5	15.713	11.94647
64.6	15.70223	12.04919
64.7	15.68998	12.14603
64.8	15.67648	12.24429
64.9	15.66186	12.34119
65	15.64606	12.42917
65.1	15.62915	12.51669
65.2	15.61142	12.60291
65.3	15.59284	12.67908
65.4	15.57336	12.75211
65.5	15.55338	12.82388
65.6	15.53293	12.88544
65.7	15.51184	12.94113
65.8	15.49051	12.99506
65.9	15.46915	13.04108
66	15.44741	13.07706
66.1	15.42569	13.11157
66.2	15.40424	13.14017
66.3	15.38284	13.15598
66.4	15.36177	13.16995
66.5	15.34125	13.18002
66.6	15.32115	13.17667
66.7	15.30154	13.16977
66.8	15.28271	13.16086
66.9	15.26476	13.1405
67	15.2474	13.11346
67.1	15.23104	13.08603
67.2	15.2159	13.05109
67.3	15.20151	13.00589
67.4	15.18826	12.96127
67.5	15.17637	12.91315
67.6	15.16552	12.85284
67.7	15.15583	12.79349
67.8	15.14759	12.73459
67.9	15.14064	12.66473
68	15.13476	12.59335
68.1	15.13033	12.5253
68.2	15.12739	12.45071
68.3	15.12542	12.37045
68.4	15.12488	12.2955
68.5	15.12578	12.21951
68.6	15.12775	12.13519
68.7	15.13092	12.05698
68.8	15.13549	11.98285
68.9	15.14118	11.90051
69	15.14779	11.82224
69.1	15.15559	11.7514
69.2	15.16455	11.67645
69.3	15.17413	11.60138
69.4	15.18468	11.53696
69.5	15.19627	11.47372
69.6	15.20832	11.40604
69.7	15.22103	11.34909
69.8	15.2345	11.29834
69.9	15.24838	11.24231
70	15.26251	11.19458
70.1	15.27718	11.15726
70.2	15.29216	11.11694
70.3	15.30702	11.08051
70.4	15.32215	11.05734
70.5	15.33747	11.0347
70.6	15.35237	11.01154
70.7	15.36719	11.00168
70.8	15.38203	10.99667
70.9	15.39631	10.98819
71	15.41012	10.99115
71.1	15.42373	11.00278
71.2	15.43674	11.00998
71.3	15.44896	11.02496
71.4	15.46076	11.05124
71.5	15.47193	11.07422
71.6	15.48202	11.10028
71.7	15.4915	11.13858
71.8	15.50031	11.17615
71.9	15.50793	11.21216
72	15.51469	11.25961
72.1	15.52079	11.30939
72.2	15.52569	11.35413
72.3	15.52954	11.4082
72.4	15.53266	11.46768
72.5	15.53467	11.51987
72.6	15.53548	11.57733
72.7	15.53557	11.64206
72.8	15.53466	11.69974
72.9	15.53252	11.75824
73	15.52962	11.82504
73.1	15.52591	11.88605
73.2	15.52101	11.94336
73.3	15.51531	12.00836
73.4	15.509	12.07004
73.5	15.50162	12.12418
73.6	15.49345	12.18411
73.7	15.48486	12.24384
73.8	15.47543	12.29327
73.9	15.46525	12.34528
74	15.45475	12.39975
74.1	15.44369	12.44351
74.2	15.43194	12.4852
74.3	15.42004	12.53198
74.4	15.4079	12.56848
74.5	15.39523	12.59894
74.6	15.38245	12.63489
74.7	15.36971	12.66357
74.8	15.35667	12.68262
74.9	15.34356	12.70538
75	15.33083	12.72562
75.1	15.318	12.73355
75.2	15.30516	12.74197
75.3	15.29284	12.75223
75.4	15.28078	12.75006
75.5	15.26885	12.7446
75.6	15.25748	12.74356
75.7	15.24663	12.73264
75.8	15.23603	12.71445
75.9	15.22601	12.70145
76	15.21682	12.68304
76.1	15.208	12.65457
76.2	15.19975	12.62946
76.3	15.1925	12.60486
76.4	15.18576	12.56931
76.5	15.17957	12.53317
76.6	15.17438	12.50211
76.7	15.16992	12.46158
76.8	15.16602	12.41702
76.9	15.16297	12.3797
77	15.16089	12.33755
77.1	15.15937	12.28851
77.2	15.15856	12.24536
77.3	15.1588	12.20273
77.4	15.15961	12.15314
77.5	15.161	12.10596
77.6	15.16337	12.06482
77.7	15.16634	12.01697
77.8	15.1698	11.96881
77.9	15.17404	11.92957
78	15.17896	11.88644
78.1	15.18426	11.84045
78.2	15.19005	11.80289
78.3	15.19657	11.76685
78.4	15.20333	11.72635
78.5	15.21036	11.69196
78.6	15.21805	11.66397
78.7	15.22592	11.63171
78.8	15.23389	11.60181
78.9	15.24222	11.58148
79	15.25072	11.55811
79.1	15.2592	11.53513
79.2	15.26779	11.52213
79.3	15.27653	11.50958
79.4	15.2851	11.49539
79.5	15.29346	11.48911
79.6	15.30198	11.48743
79.7	15.31019	11.48267
79.8	15.318	11.48215
79.9	15.3258	11.49036
80	15.33318	11.49527
80.1	15.34016	11.50192
80.2	15.34687	11.51843
80.3	15.35321	11.5329
80.4	15.35902	11.547
80.5	15.36431	11.56937
80.6	15.36934	11.59238
80.7	15.37368	11.61282
80.8	15.3774	11.6394
80.9	15.38083	11.66974
81	15.38355	11.69702
81.1	15.38561	11.72638
81.2	15.38731	11.76218
81.3	15.38836	11.79401
81.4	15.38869	11.82584
81.5	15.38856	11.86438
81.6	15.38789	11.89954
81.7	15.38655	11.93289
81.8	15.38462	11.97113
81.9	15.38231	12.00848
82	15.37938	12.04227
82.1	15.37582	12.07822
82.2	15.37201	12.11575
82.3	15.36759	12.14844
82.4	15.36267	12.1813
82.5	15.35746	12.21701
82.6	15.35187	12.24768
82.7	15.34578	12.27628
82.8	15.33943	12.30801
82.9	15.33289	12.33585
83	15.32596	12.35986
83.1	15.31878	12.38574
83.2	15.31154	12.40912
83.3	15.30406	12.42819
83.4	15.29636	12.44714
83.5	15.28878	12.46597
83.6	15.28106	12.47925
83.7	15.27323	12.4906
83.8	15.26556	12.50323
83.9	15.25793	12.51028
84	15.25031	12.5141
84.1	15.24282	12.51941
84.2	15.2356	12.52054
84.3	15.22852	12.51785
84.4	15.22163	12.51541
84.5	15.21512	12.51126
84.6	15.2088	12.50259
84.7	15.20272	12.49271
84.8	15.1971	12.48325
84.9	15.19175	12.46918
85	15.18675	12.45303
85.1	15.1822	12.43851
85.2	15.17804	12.42014
85.3	15.1743	12.39911
85.4	15.17096	12.37927
85.5	15.16812	12.35773
85.6	15.1657	12.33429
85.7	15.16368	12.31033
85.8	15.16218	12.28668
85.9	15.16108	12.26093
86	15.1604	12.23459
86.1	15.16017	12.20999
86.2	15.1604	12.18353
86.3	15.16102	12.1568
86.4	15.16206	12.13132
86.5	15.16349	12.1055
86.6	15.16528	12.07932
86.7	15.16747	12.05438
86.8	15.17001	12.0303
86.9	15.17283	12.0061
87	15.176	11.98312
87.1	15.17941	11.96149
87.2	15.18307	11.94016
87.3	15.18698	11.91968
87.4	15.1911	11.90134
87.5	15.1954	11.88406
87.6	15.19984	11.86832
87.7	15.2044	11.85422
87.8	15.20905	11.84097
87.9	15.21383	11.83032
88	15.21861	11.82126
88.1	15.2234	11.81314
88.2	15.22814	11.80688
88.3	15.23287	11.80283
88.4	15.23756	11.79962
88.5	15.2421	11.79822
88.6	15.24653	11.79926
88.7	15.25084	11.80127
88.8	15.25487	11.80457
88.9	15.25877	11.81036
89	15.2625	11.81784
89.1	15.26598	11.82541
89.2	15.2692	11.83563
89.3	15.27214	11.84735
89.4	15.27484	11.85864
89.5	15.27723	11.87234
89.6	15.27932	11.88846
89.7	15.28115	11.9035
89.8	15.28257	11.91971
89.9	15.28371	11.93854
90	15.28455	11.95712
90.1	15.28498	11.97501
90.2	15.28512	11.99557
90.3	15.28498	12.01651
90.4	15.28443	12.03531
90.5	15.28357	12.05682
90.6	15.2824	12.07922
90.7	15.28096	12.09875
90.8	15.27914	12.11957
90.9	15.27702	12.1416
91	15.27473	12.16141
91.1	15.27206	12.18076
91.2	15.26911	12.20169
91.3	15.26603	12.22174
91.4	15.26265	12.23859
91.5	15.25905	12.25766
91.6	15.25529	12.27631
91.7	15.25132	12.29013
91.8	15.24717	12.3056
91.9	15.24295	12.32214
92	15.23869	12.33389
92.1	15.23418	12.34549
92.2	15.22962	12.35812
92.3	15.2251	12.3678
92.4	15.2204	12.3743
