Time	Aircraft Simulation Roll Angle	Aircraft Simulation Yaw Rate
0.1	0.001235331	2.107278E-06
0.2	0.001557265	2.069724E-06
0.3	0.001879242	2.069268E-06
0.4	0.002201167	2.068837E-06
0.5	0.002522178	2.068376E-06
0.6	0.002843995	2.067918E-06
0.7	0.003165763	2.067488E-06
0.8	0.003486623	2.06696E-06
0.9	0.003808294	2.066471E-06
1	0.004129915	2.065966E-06
1.1	0.004435951	1.653919E-06
1.2	0.002255224	-3.21932E-05
1.3	-0.01285805	-5.454093E-05
1.4	-0.03553565	5.464898E-05
1.5	-0.06158553	0.0001261824
1.6	-0.08901989	0.0002106154
1.7	-0.1169583	0.000286813
1.8	-0.1450018	0.0002621868
1.9	-0.1729922	0.0002370416
2	-0.2009106	0.0001807722
2.1	-0.2287877	5.740018E-05
2.2	-0.2566801	-1.56374E-05
2.3	-0.2846564	-9.605687E-05
2.4	-0.3127589	-0.0001818619
2.5	-0.3410119	-0.000179104
2.6	-0.3694163	-0.0001823435
2.7	-0.3979411	-0.0001642169
2.8	-0.4265475	-7.591771E-05
2.9	-0.4551855	-3.035582E-05
3	-0.4837954	2.900094E-05
3.1	-0.512341	0.0001097359
3.2	-0.540792	0.0001138375
3.3	-0.5691333	0.0001312908
3.4	-0.5973823	0.0001382046
3.5	-0.6255515	7.459144E-05
3.6	-0.6536749	5.055501E-05
3.7	-0.6817983	1.180621E-05
3.8	-0.7099453	-6.076421E-05
3.9	-0.7381489	-6.50442E-05
4	-0.7664346	-8.653358E-05
4.1	-0.7947859	-0.0001092817
4.2	-0.8232003	-6.311119E-05
4.3	-0.8516651	-5.381605E-05
4.4	-0.8801433	-3.276508E-05
4.5	-0.908621	2.981383E-05
4.6	-0.9370698	3.133763E-05
4.7	-0.9654711	5.206243E-05
4.8	-0.9938223	8.32113E-05
4.9	-1.022124	4.824213E-05
5	-1.050385	4.92429E-05
5.1	-1.078622	4.208096E-05
5.2	-1.106853	-1.18941E-05
5.3	-1.135092	-9.025169E-06
5.4	-1.163359	-2.574314E-05
5.5	-1.191658	-6.127651E-05
5.6	-1.219992	-3.280315E-05
5.7	-1.248365	-3.957637E-05
5.8	-1.276759	-4.341467E-05
5.9	-1.305167	3.370403E-06
6	-1.333575	-3.445454E-06
6.1	-1.361974	7.890471E-06
6.2	-1.390354	4.50962E-05
6.3	-1.418706	1.990801E-05
6.4	-1.447031	2.917638E-05
6.5	-1.475338	4.138249E-05
6.6	-1.503627	-4.75326E-08
6.7	-1.531911	9.967137E-06
6.8	-1.560202	4.97662E-06
6.9	-1.588502	-3.2533E-05
7	-1.616814	-9.47725E-06
7.1	-1.645149	-1.838234E-05
7.2	-1.673499	-3.656149E-05
7.3	-1.70186	1.131753E-07
7.4	-1.730233	-1.158102E-05
7.5	-1.758604	-1.206188E-05
7.6	-1.786968	2.422662E-05
7.7	-1.815329	2.252723E-06
7.8	-1.843673	1.023375E-05
7.9	-1.872006	3.233239E-05
8	-1.900326	-1.469191E-06
8.1	-1.928643	1.136172E-05
8.2	-1.956954	1.665201E-05
8.3	-1.985262	-1.9182E-05
8.4	-2.013574	2.584648E-06
8.5	-2.041897	-2.830434E-06
8.6	-2.070228	-2.804097E-05
8.7	-2.098571	3.873584E-06
8.8	-2.126925	-8.649552E-06
8.9	-2.155279	-1.852507E-05
9	-2.183639	1.636022E-05
9.1	-2.211995	-5.008991E-06
9.2	-2.240337	-2.634766E-06
9.3	-2.268684	2.469931E-05
9.4	-2.297024	-5.663052E-06
9.5	-2.325352	5.924796E-06
9.6	-2.353683	1.992646E-05
9.7	-2.38201	-1.411494E-05
9.8	-2.41033	6.230333E-06
9.9	-2.438663	7.230192E-06
10	-2.466991	-2.156081E-05
10.1	-2.495323	7.245807E-06
10.2	-2.523664	-2.326777E-06
10.3	-2.552005	-1.93392E-05
10.4	-2.580346	1.351352E-05
10.5	-2.608692	-5.649543E-06
10.6	-2.637033	-9.544465E-06
10.7	-2.66538	1.977037E-05
10.8	-2.693722	-8.077898E-06
10.9	-2.72206	-1.759715E-07
11	-2.750398	1.936297E-05
11.1	-2.778735	-1.313301E-05
11.2	-2.807066	5.201769E-06
11.3	-2.835404	1.214651E-05
11.4	-2.863739	-1.847242E-05
11.5	-2.892071	8.502519E-06
11.6	-2.920413	3.299449E-06
11.7	-2.948753	-1.888255E-05
11.8	-2.977089	1.311789E-05
11.9	-3.005431	-3.156243E-06
12	-3.033772	-1.33463E-05
12.1	-3.062112	1.772683E-05
12.2	-3.090458	-7.861122E-06
12.3	-3.118795	-5.359437E-06
12.4	-3.147137	1.873633E-05
12.5	-3.175474	-1.251051E-05
12.6	-3.203807	1.751891E-06
12.7	-3.232146	1.473032E-05
12.8	-3.260485	-1.673321E-05
12.9	-3.288819	7.318855E-06
13	-3.317156	7.689221E-06
13.1	-3.345492	-1.805433E-05
13.2	-3.373829	1.250486E-05
13.3	-3.402174	5.794348E-07
13.4	-3.430513	-1.46804E-05
13.5	-3.458853	1.664758E-05
13.6	-3.487195	-6.102554E-06
13.7	-3.515536	-8.927907E-06
13.8	-3.543876	1.785936E-05
13.9	-3.572217	-1.198971E-05
14	-3.600553	-1.97274E-06
14.1	-3.628888	1.552804E-05
14.2	-3.657229	-1.649404E-05
14.3	-3.685562	4.737882E-06
14.4	-3.713898	1.052066E-05
14.5	-3.742234	-1.794748E-05
14.6	-3.77057	1.111169E-05
14.7	-3.798906	4.182667E-06
14.8	-3.827248	-1.591774E-05
14.9	-3.855586	1.59417E-05
15	-3.899077	-0.0001720244
15.1	-4.072666	-5.059676E-05
15.2	-4.468907	0.001300374
15.3	-5.087206	0.004258031
15.4	-5.701871	0.007521894
15.5	-6.144184	0.008723038
15.6	-6.369367	0.006778021
15.7	-6.48467	0.002455918
15.8	-6.678228	-0.002228827
15.9	-7.079802	-0.005230651
16	-7.746792	-0.005410802
16.1	-8.699456	-0.002896274
16.2	-9.94633	0.001739678
16.3	-11.4885	0.007761635
16.4	-13.3239	0.01403378
16.5	-15.40038	0.01985076
16.6	-17.46699	0.02318284
16.7	-19.38583	0.02158122
16.8	-21.31331	0.01585136
16.9	-23.34935	0.009161548
17	-25.32348	0.001992395
17.1	-27.20796	-0.005968464
17.2	-29.14506	-0.01189738
17.3	-31.00367	-0.01521985
17.4	-32.66806	-0.01658854
17.5	-34.08524	-0.0165498
17.6	-35.23129	-0.01564323
17.7	-36.09304	-0.01395187
17.8	-36.662	-0.01198565
17.9	-36.96288	-0.01047541
18	-37.11972	-0.008801465
18.1	-37.21367	-0.006528534
18.2	-37.27995	-0.00370864
18.3	-37.3331	-0.0006478826
18.4	-37.3787	0.002148008
18.5	-37.41827	0.004360781
18.6	-37.45235	0.005674106
18.7	-37.48125	0.005912627
18.8	-37.50571	0.0052221
18.9	-37.52692	0.003741747
19	-37.54647	0.001761792
19.1	-37.56597	-0.0002744924
19.2	-37.58694	-0.002109746
19.3	-37.6104	-0.003451943
19.4	-37.637	-0.004069467
19.5	-37.66674	-0.004012422
19.6	-37.68816	-0.003174203
19.7	-37.59003	-0.002078205
19.8	-37.27439	-0.002029196
19.9	-36.8228	-0.003473452
20	-36.46702	-0.004401764
20.1	-36.28276	-0.003279586
20.2	-36.08281	-0.0009076376
20.3	-35.7073	0.0007084995
20.4	-35.08426	0.0005628793
20.5	-34.18163	-0.001412668
20.6	-32.99035	-0.004906764
20.7	-31.57528	-0.009770918
20.8	-30.19309	-0.01358241
20.9	-28.99748	-0.0143698
21	-28.06105	-0.0114381
21.1	-27.40908	-0.005217527
21.2	-27.04556	0.003013916
21.3	-26.83174	0.01208505
21.4	-26.52076	0.01869061
21.5	-25.98646	0.02058684
21.6	-25.26804	0.0171109
21.7	-24.60062	0.01060395
21.8	-24.12543	0.003736405
21.9	-23.88438	-0.001551415
22	-23.78806	-0.004711005
22.1	-23.76059	-0.006257284
22.2	-23.76534	-0.006292549
22.3	-23.71045	-0.005203961
22.4	-23.59249	-0.004447843
22.5	-23.54543	-0.002663931
22.6	-23.46384	-0.000200833
22.7	-23.22289	0.001149494
22.8	-22.9616	0.001169592
22.9	-22.83046	0.001538971
23	-22.78992	0.002519837
23.1	-22.78868	0.003413869
23.2	-22.80342	0.003826408
23.3	-22.82378	0.00372212
23.4	-22.87607	0.00289794
23.5	-23.06696	0.002401827
23.6	-23.26874	0.002589138
23.7	-23.37787	0.001724964
23.8	-23.43805	0.0001799314
23.9	-23.47708	-0.00144432
24	-23.50808	-0.002816461
24.1	-23.53732	-0.003649551
24.2	-23.56745	-0.003802658
24.3	-23.58133	-0.003226012
24.4	-23.45803	-0.002503476
24.5	-23.1049	-0.002719048
24.6	-22.4845	-0.004171017
24.7	-21.58039	-0.006720528
24.8	-20.53324	-0.01017353
24.9	-19.58104	-0.01203837
25	-18.84355	-0.01089284
25.1	-18.37457	-0.006604222
25.2	-18.17056	0.0001816198
25.3	-18.18701	0.007696014
25.4	-18.45651	0.01488616
25.5	-18.99553	0.02087509
25.6	-19.80982	0.02488071
25.7	-20.85826	0.02681421
25.8	-21.91279	0.02559483
25.9	-22.79581	0.01982465
26	-23.63982	0.01029817
26.1	-24.63309	0.0006165463
26.2	-25.71368	-0.006772174
26.3	-26.68149	-0.01247096
26.4	-27.43912	-0.01664869
26.5	-27.94382	-0.01920687
26.6	-28.21055	-0.02029898
26.7	-28.35552	-0.01933803
26.8	-28.45131	-0.01593354
26.9	-28.52798	-0.01051942
27	-28.59604	-0.003960294
27.1	-28.65736	0.00256559
27.2	-28.71063	0.008091237
27.3	-28.71239	0.01200979
27.4	-28.53273	0.01294262
27.5	-28.09929	0.01036909
27.6	-27.47288	0.004271765
27.7	-26.90209	-0.00263615
27.8	-26.47017	-0.007377465
27.9	-25.98545	-0.01014549
28	-25.34893	-0.01226442
28.1	-24.73506	-0.01307268
28.2	-24.30356	-0.011134
28.3	-24.10249	-0.006163855
28.4	-24.04623	0.0006919383
28.5	-24.05097	0.007405835
28.6	-24.07649	0.01265846
28.7	-24.10385	0.01556668
28.8	-24.12499	0.01573055
28.9	-24.08826	0.01351801
29	-23.86845	0.008607839
29.1	-23.52327	0.001093865
29.2	-23.2754	-0.006015809
29.3	-23.1697	-0.0105026
29.4	-23.14019	-0.01232442
29.5	-23.15007	-0.01163737
29.6	-23.18112	-0.009002682
29.7	-23.22292	-0.005121871
29.8	-23.26876	-0.0006758668
29.9	-23.31384	0.00347246
30	-23.35481	0.006691793
30.1	-23.38964	0.008598012
30.2	-23.41777	0.008911002
30.3	-23.43972	0.007773467
30.4	-23.45712	0.005518051
30.5	-23.47213	0.002528413
30.6	-23.48711	-0.0005733173
30.7	-23.50432	-0.003289317
30.8	-23.52537	-0.00527503
30.9	-23.5511	-0.006189927
31	-23.58155	-0.006025395
31.1	-23.616	-0.004932777
31.2	-23.63812	-0.00301855
31.3	-23.64465	-0.001152544
31.4	-23.66809	0.0008554727
31.5	-23.69521	0.002728387
31.6	-23.6389	0.004004193
31.7	-23.38815	0.003393259
31.8	-23.06987	0.0009363076
31.9	-22.87764	-0.001172976
32	-22.80681	-0.00184562
32.1	-22.79286	-0.001602362
32.2	-22.75719	-0.0007789622
32.3	-22.55953	-0.0005275441
32.4	-22.24831	-0.001762516
32.5	-22.03562	-0.002675685
32.6	-21.95582	-0.002373654
32.7	-21.92339	-0.003822015
32.8	-21.78851	-0.005519124
32.9	-21.48934	-0.007460611
33	-21.22461	-0.006193079
33.1	-21.11311	-0.002000852
33.2	-21.09137	0.003177237
33.3	-21.10587	0.00782014
33.4	-21.09256	0.0111482
33.5	-21.17948	0.003548473
33.6	-21.24581	0.004417103
33.7	-21.12332	0.003860912
33.8	-20.89752	0.004831627
33.9	-20.41287	0.002298095
34	-19.72394	-0.002395344
34.1	-18.52073	-0.0007714345
34.2	-16.44383	-0.01134658
34.3	-14.52222	-0.02188889
34.4	-12.64462	-0.02856389
34.5	-10.94571	-0.02987641
34.6	-9.504201	-0.02517628
34.7	-8.352734	-0.01551013
34.8	-7.499247	-0.002513058
34.9	-6.937755	0.01161898
35	-6.663375	0.02434235
35.1	-6.668688	0.03390277
35.2	-6.933953	0.03943246
35.3	-7.243271	0.03964585
35.4	-7.407992	0.03309649
35.5	-7.479613	0.02077222
35.6	-7.646211	0.006179685
35.7	-8.032949	-0.007027221
35.8	-8.701108	-0.0162118
35.9	-9.560418	-0.01987563
36	-10.36605	-0.01953478
36.1	-10.98583	-0.01688394
36.2	-11.38064	-0.01330965
36.3	-11.74351	-0.008997691
36.4	-12.2607	-0.003159866
36.5	-12.94769	0.004353356
36.6	-13.58158	0.01118267
36.7	-14.01547	0.01484286
36.8	-14.22992	0.01434126
36.9	-14.32566	0.01061462
37	-14.36705	0.004989962
37.1	-14.38627	-0.001133874
37.2	-14.39998	-0.006620932
37.3	-14.41718	-0.0106347
37.4	-14.44238	-0.0125415
37.5	-14.4767	-0.01228694
37.6	-14.51893	-0.010088
37.7	-14.56641	-0.006391598
37.8	-14.61575	-0.002025445
37.9	-14.66349	0.00229148
38	-14.70685	0.005906287
38.1	-14.74378	0.008209917
38.2	-14.77355	0.009016874
38.3	-14.79651	0.008314661
38.4	-14.81431	0.006295876
38.5	-14.82925	0.003478903
38.6	-14.84372	0.0003473953
38.7	-14.85996	-0.002584498
38.8	-14.87965	-0.004792553
38.9	-14.90404	-0.006056376
39	-14.93348	-0.006239911
39.1	-14.96738	-0.005351143
39.2	-15.00446	-0.003712175
39.3	-15.04297	-0.001604339
39.4	-15.08128	0.0006173775
39.5	-15.11781	0.002497991
39.6	-15.15149	0.003842886
39.7	-15.18177	0.004476549
39.8	-15.20866	0.004284845
39.9	-15.23278	0.003464121
40	-15.25511	0.0021676
40.1	-15.27679	0.0005962017
40.2	-15.29897	-0.0008790935
40.3	-15.32263	-0.002088858
40.4	-15.34841	-0.002880313
40.5	-15.37664	-0.003086422
40.6	-15.40715	-0.002796748
40.7	-15.43939	-0.002087558
40.8	-15.47268	-0.001060248
40.9	-15.50611	1.806153E-05
41	-15.53895	0.001011576
41.1	-15.5705	0.001785082
41.2	-15.60043	0.00216906
41.3	-15.62867	0.002199974
41.4	-15.65539	0.001886222
41.5	-15.68109	0.001266482
41.6	-15.70628	0.0005409713
41.7	-15.73154	-0.0002142581
41.8	-15.75744	-0.0008868544
41.9	-15.78428	-0.001307641
42	-15.81231	-0.001505269
42.1	-15.84149	-0.001445782
42.2	-15.87162	-0.00111004
42.3	-15.9024	-0.0006630289
42.4	-15.93335	-0.0001345443
42.5	-15.96407	0.000409971
42.6	-15.99429	0.0007971103
42.7	-16.02377	0.001048387
42.8	-16.05239	0.001138217
42.9	-16.08022	0.0009956808
43	-16.10745	0.0007411311
43.1	-16.13437	0.0004045478
43.2	-16.16124	-1.410943E-06
43.3	-16.18836	-0.0003273207
43.4	-16.21592	-0.00057431
43.5	-16.24407	-0.0007279154
43.6	-16.27278	-0.0007052846
43.7	-16.30202	-0.0005884835
43.8	-16.33159	-0.0003899693
43.9	-16.36132	-0.000108514
44	-16.391	0.0001382465
44.1	-16.42047	0.0003565876
44.2	-16.44956	0.0005243845
44.3	-16.47822	0.0005610602
44.4	-16.50652	0.0005371983
44.5	-16.53451	0.0004384065
44.6	-16.56228	0.0002484095
44.7	-16.59007	8.164518E-05
44.8	-16.61789	-9.054885E-05
44.9	-16.64589	-0.0002563032
45	-16.67414	-0.000311628
45.1	-16.70269	-0.0003331051
45.2	-16.7315	-0.0003124302
45.3	-16.76051	-0.0001875265
45.4	-16.78961	-7.834898E-05
45.5	-16.81873	3.840784E-05
45.6	-16.84778	0.0001856324
45.7	-16.87666	0.0002481688
45.8	-16.90536	0.0002872975
45.9	-16.93388	0.0003089831
46	-16.9622	0.0002375901
46.1	-16.9904	0.0001699712
46.2	-17.01855	9.529474E-05
46.3	-17.04672	-2.122079E-05
46.4	-17.07495	-8.079415E-05
46.5	-17.10329	-0.0001263028
46.6	-17.13178	-0.0001657757
46.7	-17.16038	-0.0001304756
46.8	-17.18915	-9.821853E-05
46.9	-17.21799	-5.175764E-05
47	-17.24686	3.845486E-05
47.1	-17.27568	8.006245E-05
47.2	-17.30443	0.0001276681
47.3	-17.33312	0.0001804276
47.4	-17.36164	0.0001546654
47.5	-17.39006	0.0001497658
47.6	-17.41843	0.0001327826
47.7	-17.44676	5.562091E-05
47.8	-17.47512	3.194908E-05
47.9	-17.5035	-2.068598E-06
48	-17.53193	-6.191658E-05
48.1	-17.56043	-4.615795E-05
48.2	-17.58903	-4.889741E-05
48.3	-17.61766	-5.631044E-05
48.4	-17.64631	3.380253E-06
48.5	-17.675	2.017849E-05
48.6	-17.70374	3.800279E-05
48.7	-17.73242	9.460494E-05
48.8	-17.76108	8.856429E-05
48.9	-17.78964	9.28681E-05
49	-17.81818	0.0001107811
49.1	-17.84667	7.006156E-05
49.2	-17.87512	6.089618E-05
49.3	-17.90357	4.962003E-05
49.4	-17.93199	3.877143E-06
49.5	-17.96041	1.227076E-05
49.6	-17.9889	-3.151596E-06
49.7	-18.01745	-2.360684E-05
49.8	-18.04605	1.096789E-05
49.9	-18.07463	5.181995E-06
50	-18.10326	1.123299E-05
50.1	-18.13191	5.57506E-05
50.2	-18.16048	4.250803E-05
50.3	-18.18906	5.572859E-05
50.4	-18.21764	8.502326E-05
50.5	-18.24622	5.154085E-05
50.6	-18.27476	6.133773E-05
50.7	-18.3033	6.766707E-05
50.8	-18.33183	2.319799E-05
50.9	-18.36035	3.698787E-05
51	-18.38887	3.309597E-05
51.1	-18.41739	-3.379726E-06
51.2	-18.44587	2.392157E-05
51.3	-18.47439	1.887901E-05
51.4	-18.5029	2.51245E-06
51.5	-18.53142	3.90936E-05
51.6	-18.55997	3.062555E-05
51.7	-18.58852	3.288921E-05
51.8	-18.61707	6.045429E-05
51.9	-18.64565	4.145653E-05
52	-18.67422	4.9697E-05
52.1	-18.70277	6.242299E-05
52.2	-18.73133	3.401082E-05
52.3	-18.75986	4.730663E-05
52.4	-18.7884	4.549875E-05
52.5	-18.81694	1.795266E-05
52.6	-18.84557	4.013234E-05
52.7	-18.87417	2.886517E-05
52.8	-18.90278	1.206077E-05
52.9	-18.9314	4.257065E-05
53	-18.96001	2.430431E-05
53.1	-18.98865	2.107305E-05
53.2	-19.01728	5.322855E-05
53.3	-19.04585	2.738339E-05
53.4	-19.0744	3.426006E-05
53.5	-19.10295	5.910942E-05
53.6	-19.13148	2.687992E-05
53.7	-19.15998	4.038465E-05
53.8	-19.18849	5.382506E-05
53.9	-19.21701	2.387216E-05
54	-19.2455	4.05437E-05
54.1	-19.27402	4.308633E-05
54.2	-19.30251	1.924517E-05
54.3	-19.33103	4.14303E-05
54.4	-19.35956	3.501735E-05
54.5	-19.38807	2.203434E-05
54.6	-19.4166	4.660753E-05
54.7	-19.44515	3.208298E-05
54.8	-19.47369	3.0835E-05
54.9	-19.50224	5.074057E-05
55	-19.53081	2.914132E-05
55.1	-19.55935	3.837375E-05
55.2	-19.58789	4.861808E-05
55.3	-19.61646	2.348886E-05
55.4	-19.64502	4.243833E-05
55.5	-19.67358	4.200168E-05
55.6	-19.70209	1.887219E-05
55.7	-19.73061	4.518785E-05
55.8	-19.75913	3.453471E-05
55.9	-19.78765	1.796539E-05
56	-19.81615	4.898111E-05
56.1	-19.84467	3.258138E-05
56.2	-19.87318	2.292886E-05
56.3	-19.90171	5.310604E-05
56.4	-19.93026	3.08126E-05
56.5	-19.9588	3.033158E-05
56.6	-19.98735	5.427844E-05
56.7	-20.01591	2.706613E-05
56.8	-20.04444	3.595045E-05
56.9	-20.07298	5.007383E-05
57	-20.10156	2.30805E-05
57.1	-20.13012	3.96174E-05
57.2	-20.15866	4.287521E-05
57.3	-20.18722	2.167035E-05
57.4	-20.21576	4.311376E-05
57.5	-20.24429	3.573403E-05
57.6	-20.27283	2.416791E-05
57.7	-20.30137	4.590068E-05
57.8	-20.32991	2.879412E-05
57.9	-20.35844	2.900397E-05
58	-20.38695	4.784249E-05
58.1	-20.4155	2.400926E-05
58.2	-20.44404	3.634104E-05
58.3	-20.47259	5.009839E-05
58.4	-20.50113	2.154556E-05
58.5	-20.52967	4.393603E-05
58.6	-20.55821	4.94214E-05
58.7	-20.58673	2.000395E-05
58.8	-20.61528	4.883471E-05
58.9	-20.64382	4.237475E-05
59	-20.67236	1.980636E-05
59.1	-20.7009	5.149883E-05
59.2	-20.72945	3.421277E-05
59.3	-20.758	2.248235E-05
59.4	-20.78654	5.222569E-05
59.5	-20.81507	2.855257E-05
59.6	-20.84362	2.749469E-05
59.7	-20.87213	5.077313E-05
59.8	-20.9007	2.35999E-05
59.9	-20.92923	3.322545E-05
60	-20.95774	4.664413E-05
60.1	-20.98627	2.175453E-05
60.2	-21.01479	4.079435E-05
60.3	-21.04335	4.199992E-05
60.4	-21.07189	2.343528E-05
60.5	-21.10045	4.906078E-05
60.6	-21.129	3.585088E-05
60.7	-21.15757	2.688757E-05
60.8	-21.18614	5.515157E-05
60.9	-21.21471	2.866978E-05
61	-21.24327	3.135879E-05
61.1	-21.27185	5.475104E-05
61.2	-21.3004	2.21394E-05
61.3	-21.32897	3.67842E-05
61.4	-21.35755	5.151065E-05
61.5	-21.38613	1.773261E-05
61.6	-21.41472	4.26312E-05
61.7	-21.44328	4.648607E-05
61.8	-21.47181	1.610068E-05
61.9	-21.50033	4.698465E-05
62	-21.5289	3.987851E-05
62.1	-21.5574	1.811951E-05
62.2	-21.58591	5.082445E-05
62.3	-21.61444	3.397955E-05
62.4	-21.64296	2.37656E-05
62.5	-21.67147	5.225461E-05
62.6	-21.7	2.86002E-05
62.7	-21.72851	3.187075E-05
62.8	-21.757	5.007885E-05
62.9	-21.78554	2.394853E-05
63	-21.81409	4.196479E-05
63.1	-21.84264	4.553618E-05
63.2	-21.8712	2.218428E-05
63.3	-21.89977	4.801352E-05
63.4	-21.92831	3.925106E-05
63.5	-21.9569	2.295424E-05
63.6	-21.98549	5.225729E-05
63.7	-22.01403	3.16607E-05
63.8	-22.0426	2.547861E-05
63.9	-22.07114	5.357239E-05
64	-22.09965	2.401137E-05
64.1	-22.12819	2.98745E-05
64.2	-22.15673	5.275602E-05
64.3	-22.18526	1.892622E-05
64.4	-22.21381	3.662959E-05
64.5	-22.24236	5.094975E-05
64.6	-22.27092	1.807389E-05
64.7	-22.29946	4.387598E-05
64.8	-22.32801	4.684441E-05
64.9	-22.35659	2.018874E-05
65	-22.38517	4.879371E-05
65.1	-22.41374	4.05127E-05
65.2	-22.44233	2.733764E-05
65.3	-22.47089	5.05729E-05
65.4	-22.49949	3.267294E-05
65.5	-22.52808	3.010688E-05
65.6	-22.55666	4.912055E-05
65.7	-22.58524	2.562482E-05
65.8	-22.61386	3.544556E-05
65.9	-22.64242	4.687319E-05
66	-22.67103	2.295915E-05
66.1	-22.69962	4.368958E-05
66.2	-22.72818	4.416893E-05
66.3	-22.75679	2.328904E-05
66.4	-22.78538	5.076212E-05
66.5	-22.81398	3.873036E-05
66.6	-22.84263	2.448413E-05
66.7	-22.87121	5.419012E-05
66.8	-22.89976	3.137825E-05
66.9	-22.9284	2.712489E-05
67	-22.95708	5.397557E-05
67.1	-22.98578	2.526534E-05
67.2	-23.01447	3.068454E-05
67.3	-23.04311	5.303429E-05
67.4	-23.07182	2.536904E-05
67.5	-23.10045	3.621081E-05
67.6	-23.12913	4.898119E-05
67.7	-23.1578	2.225561E-05
67.8	-23.18644	4.102092E-05
67.9	-23.21511	4.333728E-05
68	-23.24374	2.2672E-05
68.1	-23.2723	4.553211E-05
68.2	-23.3009	3.738431E-05
68.3	-23.32949	2.661808E-05
68.4	-23.35806	4.912754E-05
68.5	-23.38663	3.207815E-05
68.6	-23.41525	3.253669E-05
68.7	-23.44384	4.972621E-05
68.8	-23.47245	2.677438E-05
68.9	-23.50103	3.872797E-05
69	-23.52966	4.73065E-05
69.1	-23.55828	2.24463E-05
69.2	-23.58688	4.392016E-05
69.3	-23.61543	4.234516E-05
69.4	-23.64395	1.895796E-05
69.5	-23.67251	4.723667E-05
69.6	-23.70105	3.929779E-05
69.7	-23.72956	1.975192E-05
69.8	-23.75809	5.111342E-05
69.9	-23.78664	3.44524E-05
70	-23.81518	2.458737E-05
70.1	-23.84375	5.390942E-05
70.2	-23.87232	3.000547E-05
70.3	-23.90088	3.0902E-05
70.4	-23.92947	5.341315E-05
70.5	-23.95806	2.620661E-05
70.6	-23.98662	3.674665E-05
70.7	-24.01521	4.931345E-05
70.8	-24.04383	2.382949E-05
70.9	-24.07244	4.175734E-05
71	-24.101	4.248328E-05
71.1	-24.12956	2.287057E-05
71.2	-24.15813	4.449298E-05
71.3	-24.1867	3.407496E-05
71.4	-24.21528	2.529746E-05
71.5	-24.24384	4.818363E-05
71.6	-24.27238	2.854589E-05
71.7	-24.30094	3.215309E-05
71.8	-24.32953	5.35607E-05
71.9	-24.35812	2.472024E-05
72	-24.38671	3.97182E-05
72.1	-24.41531	5.361093E-05
72.2	-24.4439	2.112188E-05
72.3	-24.47248	4.502674E-05
72.4	-24.50108	4.719198E-05
72.5	-24.52968	1.772769E-05
72.6	-24.5583	4.783554E-05
72.7	-24.58693	3.927613E-05
72.8	-24.61556	1.81863E-05
72.9	-24.6442	5.067908E-05
73	-24.67278	3.306954E-05
73.1	-24.70132	2.340717E-05
73.2	-24.7299	5.324381E-05
73.3	-24.75848	2.957456E-05
73.4	-24.78707	3.168362E-05
73.5	-24.81565	5.321531E-05
73.6	-24.84425	2.678065E-05
73.7	-24.87283	3.929574E-05
73.8	-24.9014	4.801123E-05
73.9	-24.92997	2.366488E-05
74	-24.95855	4.627734E-05
74.1	-24.98712	4.044105E-05
74.2	-25.01575	2.375557E-05
74.3	-25.04434	5.281172E-05
74.4	-25.07297	3.286718E-05
74.5	-25.10154	2.64219E-05
74.6	-25.13009	5.386381E-05
74.7	-25.15863	2.498698E-05
74.8	-25.18717	3.103729E-05
74.9	-25.21575	5.319293E-05
75	-25.2443	1.998845E-05
75.1	-25.27286	3.815921E-05
75.2	-25.30145	5.140701E-05
75.3	-25.33003	1.821473E-05
75.4	-25.3586	4.54351E-05
75.5	-25.38721	4.731764E-05
75.6	-25.4158	1.880833E-05
75.7	-25.44442	5.028076E-05
75.8	-25.47302	4.053643E-05
75.9	-25.50159	2.134457E-05
76	-25.5302	5.195007E-05
76.1	-25.55881	3.298683E-05
76.2	-25.58738	2.715591E-05
76.3	-25.61593	5.026078E-05
76.4	-25.64452	2.566976E-05
76.5	-25.67312	3.605637E-05
76.6	-25.70166	4.947612E-05
76.7	-25.73028	2.378471E-05
76.8	-25.75887	4.476954E-05
76.9	-25.78745	4.532E-05
77	-25.81605	2.367202E-05
77.1	-25.84463	5.062819E-05
77.2	-25.87322	3.83714E-05
77.3	-25.90183	2.441017E-05
77.4	-25.9304	5.375255E-05
77.5	-25.95899	3.020441E-05
77.6	-25.98759	2.676063E-05
77.7	-26.01619	5.402604E-05
77.8	-26.04473	2.258287E-05
77.9	-26.0733	3.050099E-05
78	-26.10188	5.13687E-05
78.1	-26.13044	1.776728E-05
78.2	-26.15901	3.686348E-05
78.3	-26.1876	4.941959E-05
78.4	-26.21619	1.99745E-05
78.5	-26.24477	4.52431E-05
78.6	-26.27337	4.666663E-05
78.7	-26.30195	2.67486E-05
78.8	-26.33054	5.102491E-05
78.9	-26.35911	4.090881E-05
79	-26.38773	2.959689E-05
79.1	-26.41632	5.198097E-05
79.2	-26.44492	3.260126E-05
79.3	-26.47351	3.242529E-05
79.4	-26.50211	4.885211E-05
79.5	-26.53068	2.428601E-05
79.6	-26.55922	3.579205E-05
79.7	-26.58778	4.343042E-05
79.8	-26.61633	1.946867E-05
79.9	-26.64491	4.208834E-05
80	-26.67348	4.006449E-05
80.1	-26.70203	2.123266E-05
80.2	-26.73063	5.084378E-05
80.3	-26.75922	3.785276E-05
80.4	-26.78783	2.577317E-05
80.5	-26.81641	5.626038E-05
80.6	-26.84503	3.355781E-05
80.7	-26.87362	2.881426E-05
80.8	-26.90224	5.579873E-05
80.9	-26.9309	3.070113E-05
81	-26.9595	3.162464E-05
81.1	-26.9881	5.134004E-05
81.2	-27.01668	2.305165E-05
81.3	-27.04524	3.528978E-05
81.4	-27.07384	4.672295E-05
81.5	-27.1024	2.175493E-05
81.6	-27.13098	4.177885E-05
81.7	-27.15963	4.283388E-05
81.8	-27.18823	2.512171E-05
81.9	-27.21681	4.841079E-05
82	-27.24541	3.867587E-05
82.1	-27.27402	3.024583E-05
82.2	-27.30262	5.099893E-05
82.3	-27.33119	3.165091E-05
82.4	-27.35978	3.407493E-05
82.5	-27.38837	4.906519E-05
82.6	-27.41698	2.350994E-05
82.7	-27.44556	3.70328E-05
82.8	-27.47414	4.442177E-05
82.9	-27.5027	1.784207E-05
83	-27.53129	4.216073E-05
83.1	-27.55986	4.463625E-05
83.2	-27.58841	1.898562E-05
83.3	-27.61699	5.036988E-05
83.4	-27.64561	4.241979E-05
83.5	-27.67421	2.44778E-05
83.6	-27.7028	5.646842E-05
83.7	-27.73139	3.781775E-05
83.8	-27.75999	2.900973E-05
83.9	-27.78856	5.649196E-05
84	-27.81716	3.036564E-05
84.1	-27.84576	3.17486E-05
84.2	-27.87435	5.109421E-05
84.3	-27.90292	2.284508E-05
84.4	-27.93147	3.436135E-05
84.5	-27.96006	4.448545E-05
84.6	-27.98863	2.094076E-05
84.7	-28.0172	4.146718E-05
84.8	-28.04579	4.078411E-05
84.9	-28.07441	2.544692E-05
85	-28.10302	5.048478E-05
85.1	-28.13166	3.732279E-05
85.2	-28.16033	3.180032E-05
85.3	-28.18895	5.812579E-05
85.4	-28.21759	3.048633E-05
85.5	-28.24623	3.576936E-05
85.6	-28.27488	5.591806E-05
85.7	-28.30351	2.174676E-05
85.8	-28.33209	3.774216E-05
85.9	-28.36067	4.843334E-05
86	-28.38926	1.537093E-05
86.1	-28.41784	4.20666E-05
86.2	-28.44641	4.344519E-05
86.3	-28.47499	1.688726E-05
86.4	-28.50361	5.010689E-05
86.5	-28.53224	4.210862E-05
86.6	-28.56087	2.318343E-05
86.7	-28.58948	5.622843E-05
86.8	-28.61812	3.712579E-05
86.9	-28.64674	2.962141E-05
87	-28.67536	5.628706E-05
87.1	-28.70399	3.024621E-05
87.2	-28.73259	3.388194E-05
87.3	-28.76112	4.934618E-05
87.4	-28.78967	2.16806E-05
87.5	-28.81824	3.919489E-05
87.6	-28.84676	4.13253E-05
87.7	-28.87536	1.932452E-05
87.8	-28.90394	4.724324E-05
87.9	-28.93249	3.691843E-05
88	-28.96107	2.442034E-05
88.1	-28.98969	5.506664E-05
88.2	-29.01831	3.369942E-05
88.3	-29.04694	3.180934E-05
88.4	-29.07555	5.914544E-05
88.5	-29.10417	2.834055E-05
88.6	-29.1328	3.693812E-05
88.7	-29.16141	5.569278E-05
88.8	-29.18994	1.961345E-05
88.9	-29.21852	3.837595E-05
89	-29.24712	4.807175E-05
89.1	-29.27572	1.503865E-05
89.2	-29.30429	4.34577E-05
89.3	-29.33293	4.375686E-05
89.4	-29.36152	1.935905E-05
89.5	-29.39007	5.117601E-05
89.6	-29.41865	4.079039E-05
89.7	-29.4473	2.829401E-05
89.8	-29.47584	5.515502E-05
89.9	-29.50448	3.508176E-05
90	-29.53313	3.58021E-05
90.1	-29.56179	5.301253E-05
90.2	-29.59045	2.712329E-05
90.3	-29.6191	3.869932E-05
90.4	-29.64769	4.648477E-05
90.5	-29.67635	2.166785E-05
90.6	-29.705	4.427761E-05
90.7	-29.73368	4.182724E-05
90.8	-29.76233	2.312693E-05
90.9	-29.79096	5.265623E-05
91	-29.81958	3.85669E-05
91.1	-29.84821	2.796503E-05
91.2	-29.87689	5.803331E-05
91.3	-29.90551	3.251575E-05
91.4	-29.93412	3.106705E-05
91.5	-29.96278	5.660411E-05
91.6	-29.99148	2.384888E-05
91.7	-30.02011	3.217049E-05
91.8	-30.04883	5.067958E-05
91.9	-30.07751	1.926995E-05
92	-30.10621	3.730883E-05
92.1	-30.13488	4.791438E-05
92.2	-30.16357	2.393953E-05
92.3	-30.19226	4.662953E-05
92.4	-30.22101	4.684029E-05
92.5	-30.24975	2.971332E-05
92.6	-30.27847	5.394687E-05
92.7	-30.3071	4.235454E-05
92.8	-30.33583	3.366153E-05
92.9	-30.36447	5.408908E-05
93	-30.39314	3.300176E-05
93.1	-30.42175	3.468454E-05
93.2	-30.45026	4.774825E-05
93.3	-30.47878	2.23099E-05
93.4	-30.50734	3.610218E-05
93.5	-30.5359	4.141355E-05
93.6	-30.56449	1.808244E-05
93.7	-30.59304	4.310625E-05
93.8	-30.62177	3.98431E-05
93.9	-30.65042	2.228593E-05
94	-30.67905	5.375012E-05
94.1	-30.70777	4.126702E-05
94.2	-30.73638	2.919546E-05
94.3	-30.76504	5.996545E-05
94.4	-30.79368	3.942909E-05
94.5	-30.82222	3.094617E-05
94.6	-30.85076	5.534364E-05
94.7	-30.87933	2.735041E-05
94.8	-30.90785	2.981155E-05
94.9	-30.93633	4.803946E-05
95	-30.96491	2.048227E-05
95.1	-30.99348	3.476565E-05
95.2	-31.02209	4.517177E-05
95.3	-31.05065	2.267732E-05
95.4	-31.07922	4.431557E-05
95.5	-31.10782	4.411706E-05
95.6	-31.13646	2.913812E-05
95.7	-31.16508	5.242815E-05
95.8	-31.19371	4.006205E-05
95.9	-31.22227	3.314339E-05
96	-31.25081	5.181894E-05
96.1	-31.27932	2.783981E-05
96.2	-31.30798	3.132964E-05
96.3	-31.33659	4.564569E-05
96.4	-31.36515	1.785305E-05
96.5	-31.39378	3.535928E-05
96.6	-31.42245	4.774208E-05
96.7	-31.45111	1.804743E-05
96.8	-31.47976	4.667161E-05
96.9	-31.50839	4.863102E-05
97	-31.53705	2.419956E-05
97.1	-31.56569	5.622421E-05
97.2	-31.59431	4.425605E-05
97.3	-31.62301	2.541368E-05
97.4	-31.65163	5.528766E-05
97.5	-31.6803	3.357022E-05
97.6	-31.70894	2.458542E-05
97.7	-31.73762	5.233908E-05
97.8	-31.76625	2.613328E-05
97.9	-31.79489	3.04516E-05
98	-31.82358	4.956444E-05
98.1	-31.8522	2.379512E-05
98.2	-31.88082	3.92879E-05
98.3	-31.90944	4.730837E-05
98.4	-31.93812	2.586877E-05
98.5	-31.96677	4.900537E-05
98.6	-31.99543	4.239161E-05
98.7	-32.02408	2.789372E-05
98.8	-32.05275	5.632191E-05
98.9	-32.08139	3.399903E-05
99	-32.11005	3.070233E-05
99.1	-32.1387	5.691985E-05
99.2	-32.1674	2.709799E-05
99.3	-32.19608	3.642134E-05
99.4	-32.22475	5.565351E-05
99.5	-32.25343	2.220038E-05
99.6	-32.28211	4.284877E-05
99.7	-32.31072	5.27993E-05
99.8	-32.33939	2.09533E-05
99.9	-32.36808	4.946478E-05
100	-32.39672	4.703894E-05
100.1	-32.42543	2.029274E-05
100.2	-32.45407	5.256435E-05
100.3	-32.48278	4.031896E-05
100.4	-32.51147	2.458896E-05
100.5	-32.54019	5.624914E-05
100.6	-32.56889	3.620077E-05
100.7	-32.59756	3.3383E-05
100.8	-32.62622	5.742771E-05
100.9	-32.65487	3.215145E-05
101	-32.68353	4.405577E-05
101.1	-32.71217	5.299442E-05
101.2	-32.7408	2.630671E-05
101.3	-32.76947	4.659058E-05
101.4	-32.79807	4.149451E-05
101.5	-32.82669	1.95823E-05
101.6	-32.85529	4.684144E-05
101.7	-32.88405	3.200304E-05
101.8	-32.91282	2.213259E-05
101.9	-32.94164	5.356274E-05
102	-32.97047	3.07809E-05
102.1	-32.99917	3.348414E-05
102.2	-33.02781	6.1472E-05
102.3	-33.05652	3.052752E-05
102.4	-33.08517	4.3361E-05
102.5	-33.11386	6.19147E-05
102.6	-33.14246	2.598324E-05
102.7	-33.17096	4.502342E-05
102.8	-33.19952	5.02316E-05
102.9	-33.22805	1.697697E-05
103	-33.25658	4.241449E-05
103.1	-33.28516	3.825654E-05
103.2	-33.31372	1.79727E-05
103.3	-33.34224	4.497418E-05
103.4	-33.37079	3.283581E-05
103.5	-33.39938	2.698591E-05
103.6	-33.42801	5.211089E-05
103.7	-33.45661	3.385819E-05
103.8	-33.48522	4.123525E-05
103.9	-33.51382	5.576841E-05
104	-33.54238	3.092602E-05
104.1	-33.57091	4.500907E-05
104.2	-33.59944	4.874064E-05
104.3	-33.62799	2.354094E-05
104.4	-33.65651	4.58106E-05
104.5	-33.68503	3.788563E-05
104.6	-33.71357	1.887868E-05
104.7	-33.74212	4.766571E-05
104.8	-33.77076	3.048645E-05
104.9	-33.79929	2.182215E-05
105	-33.82785	5.250281E-05
105.1	-33.85646	2.811331E-05
105.2	-33.88501	2.962125E-05
105.3	-33.9136	5.572796E-05
105.4	-33.94211	2.659352E-05
105.5	-33.97061	3.463922E-05
105.6	-33.99915	5.19498E-05
105.7	-34.02771	2.442999E-05
105.8	-34.05626	3.970963E-05
105.9	-34.08482	4.755193E-05
106	-34.11335	2.399249E-05
106.1	-34.14185	4.508369E-05
106.2	-34.17041	4.119583E-05
106.3	-34.19901	2.48154E-05
106.4	-34.22761	4.771311E-05
106.5	-34.25623	3.415253E-05
106.6	-34.28478	2.817709E-05
106.7	-34.31342	4.842978E-05
106.8	-34.34201	2.848803E-05
106.9	-34.37063	3.555236E-05
107	-34.39926	4.94077E-05
107.1	-34.42785	2.598262E-05
107.2	-34.45647	4.430666E-05
107.3	-34.48507	4.912456E-05
107.4	-34.51366	2.564291E-05
107.5	-34.54225	5.148228E-05
107.6	-34.57084	4.645593E-05
107.7	-34.59946	2.48664E-05
107.8	-34.62811	5.405807E-05
107.9	-34.65677	4.04553E-05
108	-34.68538	2.367105E-05
108.1	-34.71399	5.335175E-05
108.2	-34.74262	3.239594E-05
108.3	-34.77126	2.821332E-05
108.4	-34.79985	5.500742E-05
108.5	-34.82846	2.978593E-05
108.6	-34.85711	3.648976E-05
108.7	-34.88578	5.478485E-05
108.8	-34.91437	2.823194E-05
108.9	-34.94299	4.29871E-05
109	-34.97158	4.925745E-05
109.1	-35.00019	2.569372E-05
109.2	-35.02879	4.529018E-05
109.3	-35.05741	3.987696E-05
109.4	-35.08606	2.545331E-05
109.5	-35.11467	4.865613E-05
109.6	-35.14336	3.409473E-05
109.7	-35.172	3.290466E-05
109.8	-35.2007	5.632863E-05
109.9	-35.2294	3.268438E-05
110	-35.25806	4.262495E-05
110.1	-35.28676	6.138063E-05
110.2	-35.31543	2.853903E-05
110.3	-35.34408	4.693352E-05
110.4	-35.37262	5.319734E-05
110.5	-35.40119	2.018252E-05
110.6	-35.4297	4.646245E-05
110.7	-35.45831	4.243201E-05
110.8	-35.48689	1.68007E-05
110.9	-35.51545	4.922366E-05
111	-35.54413	3.686647E-05
111.1	-35.57282	2.321483E-05
111.2	-35.60138	5.640175E-05
111.3	-35.6301	3.634928E-05
111.4	-35.65887	3.338733E-05
111.5	-35.68752	5.891042E-05
111.6	-35.71606	3.184975E-05
111.7	-35.7446	3.759237E-05
111.8	-35.77316	5.095222E-05
111.9	-35.80182	2.341279E-05
112	-35.83044	4.043233E-05
112.1	-35.859	4.13075E-05
112.2	-35.88761	2.031145E-05
112.3	-35.91628	4.955467E-05
112.4	-35.945	3.622413E-05
112.5	-35.97369	2.674571E-05
112.6	-36.00241	5.773083E-05
112.7	-36.03101	3.406381E-05
112.8	-36.05965	3.394659E-05
112.9	-36.08822	5.827977E-05
113	-36.1168	2.513421E-05
113.1	-36.14544	3.607935E-05
113.2	-36.17406	5.259012E-05
113.3	-36.20261	1.762523E-05
113.4	-36.23119	4.00768E-05
113.5	-36.25975	4.73065E-05
113.6	-36.28844	1.617229E-05
113.7	-36.31703	4.670082E-05
113.8	-36.3457	4.363029E-05
113.9	-36.37428	2.039644E-05
114	-36.40292	5.225089E-05
114.1	-36.43151	3.744028E-05
114.2	-36.46016	2.495872E-05
114.3	-36.48872	5.270567E-05
114.4	-36.51732	3.068606E-05
114.5	-36.54591	3.517429E-05
114.6	-36.57451	5.193271E-05
114.7	-36.60311	2.710894E-05
114.8	-36.63173	4.284354E-05
114.9	-36.66027	4.881893E-05
115	-36.68891	2.489153E-05
115.1	-36.71751	4.879809E-05
115.2	-36.7462	4.201772E-05
115.3	-36.77482	2.351961E-05
115.4	-36.80347	5.236481E-05
115.5	-36.83211	3.454868E-05
115.6	-36.86074	2.67083E-05
115.7	-36.8893	5.654318E-05
115.8	-36.91799	3.01396E-05
115.9	-36.94662	3.409778E-05
116	-36.97526	5.951435E-05
116.1	-37.0039	2.696497E-05
116.2	-37.03249	4.071651E-05
116.3	-37.06118	5.603797E-05
116.4	-37.08978	2.158011E-05
116.5	-37.11842	4.146737E-05
116.6	-37.14704	4.575525E-05
116.7	-37.17574	2.013213E-05
116.8	-37.2044	4.374198E-05
116.9	-37.23306	3.997642E-05
117	-37.26172	2.569065E-05
117.1	-37.29045	5.146644E-05
117.2	-37.31916	3.861806E-05
117.3	-37.34789	3.537903E-05
117.4	-37.37653	5.713038E-05
117.5	-37.40525	3.567196E-05
117.6	-37.4339	4.157545E-05
117.7	-37.46262	5.348531E-05
117.8	-37.49124	2.818174E-05
117.9	-37.51992	4.447575E-05
118	-37.54856	4.554132E-05
118.1	-37.57728	2.193447E-05
118.2	-37.60599	4.757448E-05
118.3	-37.63473	3.957607E-05
118.4	-37.66344	2.412029E-05
118.5	-37.69217	5.57451E-05
118.6	-37.72089	3.90118E-05
118.7	-37.74958	3.137394E-05
118.8	-37.77819	6.092473E-05
118.9	-37.80681	3.671268E-05
119	-37.83536	3.416669E-05
119.1	-37.86398	5.691077E-05
119.2	-37.89259	2.857649E-05
119.3	-37.92112	3.4818E-05
119.4	-37.94986	5.046384E-05
119.5	-37.97854	2.395084E-05
119.6	-38.00719	4.131563E-05
119.7	-38.03603	4.853587E-05
119.8	-38.06473	2.760589E-05
119.9	-38.09332	4.931619E-05
120	-38.12192	4.395239E-05
120.1	-38.15043	2.932741E-05
120.2	-38.17896	5.003563E-05
120.3	-38.20747	3.338696E-05
120.4	-38.23599	2.921461E-05
120.5	-38.26448	4.706333E-05
120.6	-38.29301	2.483607E-05
120.7	-38.32159	3.475567E-05
120.8	-38.35014	4.817671E-05
120.9	-38.37875	2.3811E-05
121	-38.40733	4.451541E-05
121.1	-38.43594	4.942591E-05
121.2	-38.46449	2.256188E-05
121.3	-38.49309	5.01261E-05
121.4	-38.52167	4.625956E-05
121.5	-38.55019	2.271978E-05
121.6	-38.57871	5.356951E-05
121.7	-38.60732	3.871059E-05
121.8	-38.63589	2.456155E-05
121.9	-38.66449	5.478194E-05
122	-38.69309	3.254494E-05
122.1	-38.72166	3.132554E-05
122.2	-38.75029	5.437318E-05
122.3	-38.77888	2.759469E-05
122.4	-38.80749	3.537744E-05
122.5	-38.83619	5.140243E-05
122.6	-38.86479	2.589701E-05
122.7	-38.89342	4.285958E-05
122.8	-38.922	4.753433E-05
122.9	-38.9506	2.691149E-05
123	-38.97921	4.911625E-05
123.1	-39.00782	4.075083E-05
123.2	-39.03645	2.898348E-05
123.3	-39.06508	5.372349E-05
123.4	-39.0937	3.233201E-05
123.5	-39.12227	3.159108E-05
123.6	-39.15091	5.59906E-05
123.7	-39.17947	2.552226E-05
123.8	-39.2081	3.805984E-05
123.9	-39.23671	5.547161E-05
124	-39.26525	2.364147E-05
124.1	-39.29392	4.737451E-05
124.2	-39.32251	5.437277E-05
124.3	-39.35119	2.600814E-05
124.4	-39.37977	5.446313E-05
124.5	-39.40841	4.825057E-05
124.6	-39.437	2.339098E-05
124.7	-39.46561	5.456025E-05
124.8	-39.4943	3.799401E-05
124.9	-39.52292	2.379417E-05
125	-39.55159	5.357258E-05
125.1	-39.58017	3.12159E-05
125.2	-39.60886	3.103227E-05
125.3	-39.63747	5.452488E-05
125.4	-39.6661	2.929303E-05
125.5	-39.69473	4.230607E-05
125.6	-39.72334	5.245926E-05
125.7	-39.75188	2.656038E-05
125.8	-39.78044	4.928547E-05
125.9	-39.809	4.199849E-05
126	-39.83749	2.207441E-05
126.1	-39.86605	4.98984E-05
126.2	-39.89471	3.214396E-05
126.3	-39.9234	2.429899E-05
126.4	-39.95205	5.455777E-05
126.5	-39.98075	2.957912E-05
126.6	-40.00943	3.490283E-05
126.7	-40.03819	6.036714E-05
126.8	-40.06673	2.775846E-05
126.9	-40.09523	4.224404E-05
127	-40.12378	5.637848E-05
127.1	-40.15232	2.07168E-05
127.2	-40.1809	4.366574E-05
127.3	-40.20948	4.742185E-05
127.4	-40.23805	1.68855E-05
127.5	-40.26662	4.652842E-05
127.6	-40.29538	4.071805E-05
127.7	-40.32403	2.187295E-05
127.8	-40.35272	5.293754E-05
127.9	-40.38132	3.803247E-05
128	-40.40992	3.469992E-05
128.1	-40.43856	5.63038E-05
128.2	-40.4672	3.389798E-05
128.3	-40.49584	4.095746E-05
128.4	-40.52443	5.408314E-05
128.5	-40.55301	2.797171E-05
128.6	-40.58164	4.410153E-05
128.7	-40.61015	4.508349E-05
128.8	-40.63872	2.119316E-05
128.9	-40.66732	4.607704E-05
129	-40.69588	3.578478E-05
129.1	-40.72442	1.973688E-05
129.2	-40.75297	4.972387E-05
129.3	-40.78146	3.033226E-05
129.4	-40.81007	2.583801E-05
129.5	-40.83865	5.654498E-05
129.6	-40.86721	2.999763E-05
129.7	-40.89588	3.645638E-05
129.8	-40.9245	6.101652E-05
129.9	-40.9531	2.917748E-05
130	-40.98165	4.210164E-05
130.1	-41.01023	5.455803E-05
130.2	-41.0389	2.511403E-05
130.3	-41.06753	4.122949E-05
130.4	-41.0961	4.416642E-05
130.5	-41.12469	2.178472E-05
130.6	-41.15327	4.529742E-05
130.7	-41.18185	3.998972E-05
130.8	-41.21045	2.832153E-05
130.9	-41.23907	5.317606E-05
