Time	Aircraft Simulation True Pitch Moment	Aircraft Simulation Net Global Force Y
0.1	0.7638932	21.73
0.2	0.4933832	21.39322
0.3	0.4559124	21.34656
0.4	0.4507944	21.34018
0.5	0.447418	21.33597
0.6	0.4451294	21.33313
0.7	0.4448044	21.33272
0.8	0.4432933	21.33084
0.9	0.4425274	21.32988
1	0.4431879	21.3307
1.1	0.4421373	21.3294
1.2	0.4416746	21.32882
1.3	0.4425856	21.32995
1.4	0.4417001	21.32885
1.5	0.4413058	21.32837
1.6	0.4425079	21.32986
1.7	0.4417964	21.32897
1.8	0.4413454	21.32841
1.9	0.4420958	21.32935
2	0.4419072	21.32911
2.1	0.4413875	21.32846
2.2	0.4415073	21.32862
2.3	0.4420371	21.32927
2.4	0.4414346	21.32852
2.5	0.4415461	21.32866
2.6	0.4421887	21.32946
2.7	0.4414871	21.32859
2.8	0.4415848	21.32871
2.9	0.4423524	21.32966
3	0.4415464	21.32866
3.1	0.4416269	21.32876
3.2	0.4425028	21.32985
3.3	0.4416133	21.32874
3.4	0.4416727	21.32882
3.5	0.4425859	21.32995
3.6	0.4416907	21.32884
3.7	0.4413023	21.32836
3.8	0.4425327	21.32989
3.9	0.4417819	21.32895
4	0.4413405	21.32841
4.1	0.4421935	21.32947
4.2	0.4418899	21.32909
4.3	0.4413806	21.32845
4.4	0.4415028	21.32861
4.5	0.4420177	21.32925
4.6	0.4414281	21.32852
4.7	0.4415401	21.32866
4.8	0.4421653	21.32943
4.9	0.4414797	21.32858
5	0.4415798	21.32871
5.1	0.4423288	21.32963
5.2	0.4415365	21.32865
5.3	0.4416211	21.32876
5.4	0.4424827	21.32982
5.5	0.4416029	21.32873
5.6	0.4416653	21.32881
5.7	0.4425801	21.32995
5.8	0.4416793	21.32882
5.9	0.441297	21.32835
6	0.4425514	21.32991
6.1	0.4417676	21.32893
6.2	0.4413341	21.3284
6.3	0.4422722	21.32957
6.4	0.4418729	21.32907
6.5	0.4413752	21.32845
6.6	0.4472155	21.33572
6.7	0.4419977	21.32922
6.8	0.4414207	21.3285
6.9	0.4415341	21.32865
7	0.4421428	21.3294
7.1	0.4414712	21.32857
7.2	0.4415739	21.3287
7.3	0.4423048	21.3296
7.4	0.4415277	21.32864
7.5	0.4416146	21.32875
7.6	0.442464	21.3298
7.7	0.4415935	21.32872
7.8	0.4416587	21.3288
7.9	0.4425728	21.32994
8	0.4416669	21.32881
8.1	0.4417069	21.32886
8.2	0.4425662	21.32993
8.3	0.4417552	21.32892
8.4	0.4413281	21.32839
8.5	0.4423375	21.32965
8.6	0.441857	21.32904
8.7	0.4413682	21.32844
8.8	0.4415133	21.32862
8.9	0.4419783	21.3292
9	0.4414132	21.3285
9.1	0.4415286	21.32864
9.2	0.4421213	21.32937
9.3	0.4414637	21.32856
9.4	0.4415679	21.32869
9.5	0.4422813	21.32958
9.6	0.4415197	21.32863
9.7	0.4416081	21.32874
9.8	0.4424433	21.32977
9.9	0.4415832	21.32871
10	0.4416518	21.32879
10.1	0.4425621	21.32992
10.2	0.441656	21.3288
10.3	0.4416994	21.32885
10.4	0.4425774	21.32994
10.5	0.4417418	21.3289
10.6	0.4413231	21.32838
10.7	0.4423927	21.32972
10.8	0.4418411	21.32903
10.9	0.4413643	21.32844
11	0.4416267	21.32876
11.1	0.4419609	21.32917
11.2	0.4414064	21.32849
11.3	0.4415241	21.32864
11.4	0.4420999	21.32935
11.5	0.4414558	21.32855
11.6	0.4415624	21.32868
11.7	0.4422583	21.32955
11.8	0.4415112	21.32862
11.9	0.4416021	21.32873
12	0.4424207	21.32975
12.1	0.4415737	21.3287
12.2	0.4416458	21.32879
12.3	0.4425493	21.32991
12.4	0.441644	21.32878
12.5	0.4416925	21.32884
12.6	0.4425841	21.32995
12.7	0.4417289	21.32889
12.8	0.4413177	21.32838
12.9	0.442439	21.32977
13	0.4418257	21.32901
13.1	0.4413568	21.32843
13.2	0.4418198	21.329
13.3	0.4419414	21.32915
13.4	0.4413999	21.32848
13.5	0.4415172	21.32863
13.6	0.4420779	21.32932
13.7	0.4414489	21.32854
13.8	0.441556	21.32868
13.9	0.4422348	21.32952
14	0.4415029	21.32861
14.1	0.4415967	21.32872
14.2	0.4423987	21.32972
14.3	0.4415638	21.32868
14.4	0.4416403	21.32878
14.5	0.4425357	21.32989
14.6	0.4416336	21.32877
14.7	0.4416856	21.32884
14.8	0.4425878	21.32996
14.9	0.4417155	21.32887
15	0.4413127	21.32837
15.1	0.4424763	21.32982
15.2	0.4418103	21.32899
15.3	0.4413514	21.32842
15.4	0.4419751	21.3292
15.5	0.4419242	21.32913
15.6	0.441394	21.32847
15.7	0.4415133	21.32862
15.8	0.442059	21.3293
15.9	0.441442	21.32853
16	0.4415515	21.32867
16.1	0.4422122	21.32949
16.2	0.4414949	21.3286
16.3	0.4415917	21.32872
16.4	0.442377	21.32969
16.5	0.4415554	21.32867
16.6	0.4416334	21.32877
16.7	0.44252	21.32987
16.8	0.4416227	21.32875
16.9	0.4416796	21.32883
17	0.4425881	21.32996
17.1	0.4417031	21.32886
17.2	0.4413073	21.32837
17.3	0.4425074	21.32986
17.4	0.4417964	21.32897
17.5	0.4413455	21.32841
17.6	0.4420964	21.32935
17.7	0.4419072	21.32911
17.8	0.4413875	21.32846
17.9	0.4415073	21.32862
18	0.442037	21.32927
18.1	0.4414346	21.32852
18.2	0.4415461	21.32866
18.3	0.4421887	21.32946
18.4	0.441488	21.32859
18.5	0.4415853	21.32871
18.6	0.4423524	21.32966
18.7	0.4415465	21.32866
18.8	0.4416275	21.32876
18.9	0.4425023	21.32985
19	0.4416128	21.32874
19.1	0.4416716	21.32882
19.2	0.4425854	21.32995
19.3	0.4416907	21.32884
19.4	0.4413023	21.32836
19.5	0.4425327	21.32989
19.6	0.4417815	21.32895
19.7	0.4413396	21.3284
19.8	0.4421935	21.32947
19.9	0.4418898	21.32909
20	0.4413811	21.32845
20.1	0.4415028	21.32861
20.2	0.4420176	21.32925
20.3	0.4414276	21.32851
20.4	0.44154	21.32866
20.5	0.4421653	21.32943
20.6	0.4414791	21.32858
20.7	0.4415798	21.3287
20.8	0.4423288	21.32963
20.9	0.4415365	21.32865
21	0.441621	21.32876
21.1	0.4424827	21.32982
21.2	0.4416024	21.32873
21.3	0.4416652	21.32881
21.4	0.4425806	21.32995
21.5	0.4416793	21.32883
21.6	0.4412969	21.32835
21.7	0.4425514	21.32991
21.8	0.4417676	21.32894
21.9	0.4413345	21.3284
22	0.2708069	20.07897
22.1	-0.4290196	14.75361
22.2	-0.6943932	12.78667
22.3	-1.152478	9.38596
22.4	-1.225765	6.013926
22.5	-1.472299	3.616605
22.6	-2.009923	-0.4900215
22.7	-1.99148	-3.007383
22.8	-2.320014	-5.808896
22.9	-2.667063	-7.886175
23	-3.09065	-10.50679
23.1	-3.599263	-13.53086
23.2	-3.957863	-15.61951
23.3	-4.287452	-16.62765
23.4	-4.601981	-17.66636
23.5	-4.861153	-19.08185
23.6	-5.228433	-20.87889
23.7	-5.766663	-23.48007
23.8	-6.140599	-25.57406
23.9	-6.433191	-26.97183
24	-7.123546	-30.03572
24.1	-7.610223	-32.68082
24.2	-7.875971	-34.02308
24.3	-8.488191	-36.36118
24.4	-8.770789	-37.75096
24.5	-9.184746	-39.93827
24.6	-9.709724	-41.82001
24.7	-10.19816	-44.14798
24.8	-10.44296	-45.34647
24.9	-11.18093	-48.31148
25	-11.64868	-50.19934
25.1	-11.93453	-51.34315
25.2	-12.54167	-53.20476
25.3	-13.07942	-54.71236
25.4	-13.44625	-55.59155
25.5	-14.00013	-56.48164
25.6	-14.7667	-56.6949
25.7	-15.30043	-55.92761
25.8	-15.89046	-53.73582
25.9	-16.57191	-49.51641
26	-16.87202	-46.34615
26.1	-16.96406	-45.40618
26.2	-17.11877	-44.10964
26.3	-17.13028	-40.14839
26.4	-16.79109	-38.03584
26.5	-16.80932	-37.34706
26.6	-16.65228	-36.83298
26.7	-16.6675	-36.85216
26.8	-16.69907	-36.84379
26.9	-16.71123	-36.85909
27	-16.71444	-36.86313
27.1	-16.71986	-36.86997
27.2	-16.71988	-36.86998
27.3	-16.72062	-36.87091
27.4	-16.72264	-36.87347
27.5	-16.72111	-36.87154
27.6	-16.72121	-36.87165
27.7	-16.72352	-36.87458
27.8	-16.72151	-36.87205
27.9	-16.72134	-36.87182
28	-16.72405	-36.87524
28.1	-16.72168	-36.87226
28.2	-16.87087	-37.27804
28.3	-17.15618	-38.30629
28.4	-17.34685	-39.66671
28.5	-17.35589	-41.74294
28.6	-16.95768	-44.94738
28.7	-16.45567	-48.48722
28.8	-15.65075	-52.13802
28.9	-14.71262	-54.88593
29	-13.89054	-56.3201
29.1	-13.09686	-54.81883
29.2	-12.3603	-52.38461
29.3	-11.4914	-48.66096
29.4	-9.99332	-41.04025
29.5	-7.91026	-29.40735
29.6	-6.172589	-22.35672
29.7	-4.476051	-14.1297
29.8	-3.652326	-9.366552
29.9	-2.45892	-5.185402
30	-1.55033	-0.912344
30.1	-0.8842372	3.802954
30.2	-0.5149596	7.397945
30.3	0.04071999	12.56193
30.4	0.5950829	16.67369
30.5	1.027716	21.07075
30.6	0.8168741	22.58549
30.7	1.245927	25.92784
30.8	1.849417	30.65638
30.9	1.696213	32.08196
31	1.981264	34.34208
31.1	2.478977	37.88329
31.2	2.324232	39.00272
31.3	2.610299	41.24766
31.4	2.954877	43.55908
31.5	2.894129	44.73613
31.6	2.82603	44.65167
31.7	2.954754	45.53248
31.8	2.970366	46.12796
31.9	2.994087	46.4452
32	3.019144	46.62011
32.1	2.990583	46.58467
32.2	3.311954	48.70538
32.3	3.565522	50.30647
32.4	3.680262	51.58859
32.5	3.877013	53.39314
32.6	4.193728	55.38414
32.7	4.278724	56.3315
32.8	4.430659	58.05458
32.9	4.866036	60.70962
33	5.126959	62.52997
33.1	5.328917	64.78642
33.2	5.763263	67.27561
33.3	5.947309	68.3905
33.4	5.981267	69.78956
33.5	6.35632	71.78125
33.6	6.581304	72.84037
33.7	6.54731	73.44096
33.8	6.878434	74.94797
33.9	7.082256	75.74811
34	7.189733	76.5471
34.1	7.508548	77.64928
34.2	7.934441	78.80457
34.3	8.034005	79.13583
34.4	8.357172	79.69196
34.5	8.593359	79.96446
34.6	8.655454	79.99326
34.7	9.133718	80.1072
34.8	9.717636	79.62811
34.9	9.953084	79.26025
35	10.53688	78.24955
35.1	10.7497	77.75642
35.2	10.75857	77.76721
35.3	10.89792	77.93703
35.4	11.12996	77.32852
35.5	11.43453	76.17723
35.6	11.7439	75.55547
35.7	12.16191	73.89008
35.8	12.74713	70.9561
35.9	13.1112	71.39729
36	13.21767	71.5265
36.1	13.29035	71.2937
36.2	13.56062	69.65096
36.3	13.78711	68.57787
36.4	13.90138	68.03474
36.5	14.18311	67.34527
36.6	14.72784	64.88819
36.7	15.17458	62.33274
36.8	15.54561	61.76461
36.9	16.34785	58.19801
37	16.60651	57.19407
37.1	17.10291	55.22031
37.2	17.64016	53.53111
37.3	17.75031	52.94172
37.4	17.96085	51.40799
37.5	18.11366	50.76673
37.6	18.15131	50.22954
37.7	18.17492	49.34827
37.8	18.13042	47.98593
37.9	18.02586	46.86174
38	17.83049	45.6377
38.1	17.45058	44.52816
38.2	16.86484	42.83604
38.3	16.31283	41.53069
38.4	15.4453	39.96906
38.5	14.66891	38.63189
38.6	13.69134	37.06497
38.7	13.0162	36.08854
38.8	11.80635	34.41285
38.9	11.23117	33.663
39	11.05929	33.44719
39.1	10.82978	33.16133
39.2	10.17002	32.36589
39.3	9.801983	31.94611
39.4	9.743216	31.88012
39.5	9.598396	31.72161
39.6	9.338087	31.44743
39.7	9.199342	31.30629
39.8	9.047739	31.15824
39.9	8.867114	30.99196
40	8.823989	30.95372
40.1	8.761476	30.89961
40.2	8.731074	30.87386
40.3	8.675824	30.82944
40.4	8.674915	30.82838
40.5	8.674342	30.82772
40.6	8.676788	30.83059
40.7	8.675569	30.82916
40.8	8.674938	30.82843
40.9	8.677389	30.83131
41	8.675706	30.82932
41.1	8.674984	30.82848
41.2	8.677859	30.83187
41.3	8.675824	30.82946
41.4	8.675022	30.82853
41.5	8.678281	30.83237
41.6	8.675963	30.82963
41.7	8.675052	30.82856
41.8	8.678442	30.83258
41.9	8.676124	30.82981
42	8.675404	30.82898
