Time	Aircraft Simulation Altitude	Aircraft Simulation Position Z	Aircraft Simulation Net Global Force Z
0.1	1.433816	4.868134	0
0.2	1.434175	4.868027	0
0.3	1.433991	4.868147	0
0.4	1.434021	4.868131	0
0.5	1.434024	4.868117	0
0.6	1.434023	4.868104	0
0.7	1.434019	4.868079	0
0.8	1.434022	4.868055	0
0.9	1.43402	4.868033	0
1	1.434022	4.868009	0
1.1	1.43402	4.867989	0
1.2	1.434021	4.867973	0
1.3	1.43402	4.86795	0
1.4	1.434018	4.867929	0
1.5	1.434016	4.867903	0
1.6	1.43402	4.86788	0
1.7	1.434018	4.867856	0
1.8	1.434015	4.86783	0
1.9	1.434015	4.867813	0
2	1.434019	4.867794	0
2.1	1.434013	4.867778	0
2.2	1.43402	4.867757	0
2.3	1.434017	4.867737	0
2.4	1.434012	4.867725	0
2.5	1.434016	4.867703	0
2.6	1.434016	4.867681	0
2.7	1.434016	4.867654	0
2.8	1.434018	4.867624	0
2.9	1.434014	4.867599	0
3	1.434014	4.86758	0
3.1	1.434015	4.86756	0
3.2	1.434011	4.867546	0
3.3	1.434014	4.867523	0
3.4	1.434014	4.867498	0
3.5	1.434015	4.867478	0
3.6	1.434015	4.867455	0
3.7	1.434013	4.867437	0
3.8	1.434012	4.867414	0
3.9	1.434013	4.867389	0
4	1.434011	4.867369	0
4.1	1.43401	4.867348	0
4.2	1.434011	4.86733	0
4.3	1.434011	4.867312	0
4.4	1.434012	4.867295	0
4.5	1.434012	4.86727	0
4.6	1.434007	4.867256	0
4.7	1.434012	4.867231	0
4.8	1.434008	4.867208	0
4.9	1.434009	4.867188	0
5	1.43401	4.867171	0
5.1	1.43401	4.867149	0
5.2	1.434009	4.867126	0
5.3	1.434008	4.867106	0
5.4	1.434013	4.867083	0
5.5	1.434007	4.867064	0
5.6	1.43401	4.867044	0
5.7	1.434012	4.867021	0
5.8	1.434011	4.867009	0
5.9	1.434011	4.866991	0
6	1.434011	4.866958	0
6.1	1.434006	4.86693	0
6.2	1.434005	4.866908	0
6.3	1.434007	4.866886	0
6.4	1.434007	4.866868	0
6.5	1.434003	4.866853	0
6.6	1.434005	4.866838	0
6.7	1.434	4.866818	0
6.8	1.434007	4.866804	0
6.9	1.43401	4.866781	0
7	1.434008	4.866759	0
7.1	1.434003	4.866747	0
7.2	1.434005	4.866731	0
7.3	1.434005	4.866714	0
7.4	1.434005	4.866686	0
7.5	1.434006	4.866659	0
7.6	1.434007	4.866632	0
7.7	1.434003	4.866611	0
7.8	1.434004	4.866588	0
7.9	1.434001	4.866563	0
8	1.434001	4.866545	0
8.1	1.434001	4.866524	0
8.2	1.434001	4.866502	0
8.3	1.434	4.866487	0
8.4	1.434	4.866467	0
8.5	1.434	4.866445	0
8.6	1.434001	4.86643	0
8.7	1.434001	4.866408	0
8.8	1.434002	4.866387	0
8.9	1.434002	4.866364	0
9	1.434001	4.866334	0
9.1	1.433999	4.866316	0
9.2	1.434	4.866297	0
9.3	1.433999	4.86628	0
9.4	1.433999	4.866266	0
9.5	1.434	4.866245	0
9.6	1.433997	4.866221	0
9.7	1.434	4.866197	0
9.8	1.434001	4.86618	0
9.9	1.433999	4.866153	0
10	1.433998	4.866131	0
10.1	1.433997	4.866107	0
10.2	1.433997	4.866084	0
10.3	1.433999	4.866063	0
10.4	1.434001	4.866049	0
10.5	1.434	4.866032	0
10.6	1.434	4.866012	0
10.7	1.433998	4.865991	0
10.8	1.433999	4.865968	0
10.9	1.433996	4.865943	0
11	1.433997	4.86592	0
11.1	1.433997	4.865896	0
11.2	1.433995	4.865873	0
11.3	1.433994	4.86585	0
11.4	1.433996	4.86583	0
11.5	1.433999	4.865814	0
11.6	1.433998	4.865795	0
11.7	1.433998	4.865771	0
11.8	1.433995	4.865745	0
11.9	1.433995	4.865719	0
12	1.433994	4.865698	0
12.1	1.433997	4.865676	0
12.2	1.433996	4.865653	0
12.3	1.433996	4.865635	0
12.4	1.433998	4.865612	0
12.5	1.433993	4.86559	0
12.6	1.433992	4.865569	0
12.7	1.433993	4.865548	0
12.8	1.433996	4.865534	0
12.9	1.433995	4.865508	0
13	1.433992	4.865477	0
13.1	1.433993	4.865457	0
13.2	1.433994	4.865432	0
13.3	1.433989	4.865415	0
13.4	1.433993	4.865391	0
13.5	1.433993	4.865374	0
13.6	1.433993	4.865356	0
13.7	1.433993	4.865336	0
13.8	1.433993	4.865311	0
13.9	1.433992	4.865279	0
14	1.433991	4.865258	0
14.1	1.433989	4.865244	0
14.2	1.433988	4.865226	0
14.3	1.43399	4.865203	0
14.4	1.43399	4.86519	0
14.5	1.43399	4.86517	0
14.6	1.433991	4.865141	0
14.7	1.433986	4.865131	0
14.8	1.433987	4.865108	0
14.9	1.433986	4.865078	0
15	1.433984	4.865051	0
15.1	1.433986	4.865027	0
15.2	1.433988	4.865003	0
15.3	1.433986	4.864991	0
15.4	1.433984	4.864979	0
15.5	1.433991	4.864954	0
15.6	1.433987	4.864927	0
15.7	1.433983	4.864901	0
15.8	1.433987	4.864874	0
15.9	1.433985	4.864854	0
16	1.43398	4.86484	0
16.1	1.433988	4.864813	0
16.2	1.433984	4.864799	0
16.3	1.433981	4.864779	0
16.4	1.433981	4.864756	0
16.5	1.433985	4.864727	0
16.6	1.433984	4.864708	0
16.7	1.433985	4.864686	0
16.8	1.433986	4.864663	0
16.9	1.433983	4.864639	0
17	1.433983	4.864615	0
17.1	1.433981	4.864594	0
17.2	1.43398	4.864573	0
17.3	1.43398	4.864552	0
17.4	1.43398	4.864533	0
17.5	1.433984	4.864522	0
17.6	1.433982	4.864494	0
17.7	1.43398	4.864474	0
17.8	1.433982	4.86444	0
17.9	1.433978	4.864425	0
18	1.433978	4.864405	0
18.1	1.433981	4.864386	0
18.2	1.433975	4.864359	0
18.3	1.433981	4.864336	0
18.4	1.433976	4.864318	0
18.5	1.433979	4.864302	0
18.6	1.433979	4.864284	0
18.7	1.433979	4.864254	0
18.8	1.433979	4.86423	0
18.9	1.433972	4.864213	0
19	1.433975	4.864182	0
19.1	1.433978	4.864162	0
19.2	1.433978	4.864141	0
19.3	1.433984	4.864117	0
19.4	1.433977	4.864102	0
19.5	1.433978	4.864079	0
19.6	1.433975	4.86406	0
19.7	1.43398	4.864035	0
19.8	1.433975	4.864014	0
19.9	1.433977	4.863993	0
20	1.433976	4.863972	0
20.1	1.433976	4.863945	0
20.2	1.433977	4.863923	0
20.3	1.433975	4.863899	0
20.4	1.433977	4.863875	0
20.5	1.433977	4.863855	0
20.6	1.43398	4.86383	0
20.7	1.433975	4.863812	0
20.8	1.433971	4.863794	0
20.9	1.433972	4.863772	0
21	1.433973	4.863751	0
21.1	1.433972	4.863734	0
21.2	1.433972	4.863708	0
21.3	1.433975	4.863688	0
21.4	1.433974	4.863667	0
21.5	1.433972	4.863647	0
21.6	1.433971	4.863619	0
21.7	1.43397	4.863595	0
21.8	1.433972	4.863572	0
21.9	1.433975	4.863565	0
22	1.433975	4.863538	0
22.1	1.433972	4.863526	0
22.2	1.433975	4.863502	0
22.3	1.433968	4.863482	0
22.4	1.433972	4.863461	0
22.5	1.433972	4.863442	0
22.6	1.433967	4.863409	0
22.7	1.433968	4.863379	0
22.8	1.433969	4.863357	0
22.9	1.433967	4.86334	0
23	1.433973	4.863317	0
23.1	1.433969	4.863304	0
23.2	1.433967	4.863288	0
23.3	1.43397	4.863259	0
23.4	1.433966	4.863237	0
23.5	1.433969	4.863216	0
23.6	1.433968	4.863189	0
23.7	1.433968	4.863163	0
23.8	1.43397	4.863147	0
23.9	1.433964	4.863128	0
24	1.433968	4.863111	0
24.1	1.433963	4.863097	0
24.2	1.433967	4.863073	0
24.3	1.433964	4.863046	0
24.4	1.433967	4.863018	0
24.5	1.433964	4.863002	0
24.6	1.433968	4.862983	0
24.7	1.433967	4.862956	0
24.8	1.433967	4.862935	0
24.9	1.433964	4.862912	0
25	1.433957	4.862884	0
25.1	1.433962	4.862861	0
25.2	1.433965	4.862845	0
25.3	1.433963	4.862827	0
25.4	1.433966	4.862802	0
25.5	1.43396	4.862784	0
25.6	1.433964	4.862758	0
25.7	1.433961	4.862732	0
25.8	1.43396	4.862712	0
25.9	1.433959	4.86269	0
26	1.433959	4.862673	0
26.1	1.433962	4.862654	0
26.2	1.433963	4.862635	0
26.3	1.433961	4.862617	0
26.4	1.433957	4.862597	0
26.5	1.433957	4.862573	0
26.6	1.433958	4.862545	0
26.7	1.433957	4.862526	0
26.8	1.433957	4.862498	0
26.9	1.433959	4.862475	0
27	1.433956	4.862452	0
27.1	1.433956	4.862436	0
27.2	1.433957	4.862411	0
27.3	1.433956	4.862391	0
27.4	1.433958	4.86237	0
27.5	1.433958	4.86235	0
27.6	1.433957	4.862323	0
27.7	1.433955	4.862304	0
27.8	1.433956	4.862285	0
27.9	1.433954	4.862259	0
28	1.433955	4.86224	0
28.1	1.433955	4.862217	0
28.2	1.433954	4.862195	0
28.3	1.433953	4.862171	0
28.4	1.433955	4.862154	0
28.5	1.433954	4.862137	0
28.6	1.433957	4.862118	0
28.7	1.433953	4.862097	0
28.8	1.433955	4.862071	0
28.9	1.433954	4.862046	0
29	1.433951	4.862025	0
29.1	1.433951	4.862002	0
29.2	1.433951	4.861982	0
29.3	1.433949	4.861965	0
29.4	1.433951	4.861951	0
29.5	1.433954	4.86193	0
29.6	1.433954	4.861909	0
29.7	1.433947	4.861894	0
29.8	1.433951	4.861861	0
29.9	1.433949	4.861833	0
30	1.433946	4.861809	0
30.1	1.433947	4.861782	0
30.2	1.43395	4.861755	0
30.3	1.433946	4.861745	0
30.4	1.433949	4.861727	0
30.5	1.433951	4.861709	0
30.6	1.433946	4.861683	0
30.7	1.433944	4.861662	0
30.8	1.433951	4.861635	0
30.9	1.433948	4.861613	0
31	1.433948	4.861596	0
31.1	1.433947	4.861574	0
31.2	1.433947	4.861553	0
31.3	1.433946	4.861533	0
31.4	1.433946	4.861511	0
31.5	1.433948	4.86149	0
31.6	1.433946	4.861474	0
31.7	1.433946	4.861448	0
31.8	1.433947	4.861426	0
31.9	1.433944	4.861399	0
32	1.433945	4.861378	0
32.1	1.433946	4.861354	0
32.2	1.433944	4.861332	0
32.3	1.433943	4.861313	0
32.4	1.433948	4.861291	0
32.5	1.433947	4.86127	0
32.6	1.433947	4.861249	0
32.7	1.433946	4.861228	0
32.8	1.433944	4.861202	0
32.9	1.433944	4.861179	0
33	1.433945	4.861156	0
33.1	1.433946	4.861138	0
33.2	1.433943	4.861117	0
33.3	1.433945	4.861094	0
33.4	1.433944	4.861075	0
33.5	1.433942	4.861056	0
33.6	1.433941	4.861033	0
33.7	1.433943	4.861011	0
33.8	1.433943	4.860989	0
33.9	1.433942	4.860962	0
34	1.433943	4.860939	0
34.1	1.433943	4.860919	0
34.2	1.433941	4.860895	0
34.3	1.43394	4.860878	0
34.4	1.43394	4.860858	0
34.5	1.43394	4.860832	0
34.6	1.433941	4.860806	0
34.7	1.433942	4.860786	0
34.8	1.43394	4.860772	0
34.9	1.43394	4.860749	0
35	1.433941	4.860733	0
35.1	1.433941	4.860707	0
35.2	1.433938	4.860683	0
35.3	1.433938	4.860661	0
35.4	1.433941	4.860641	0
35.5	1.43394	4.860619	0
35.6	1.43394	4.8606	0
35.7	1.433941	4.86058	0
35.8	1.433939	4.860554	0
35.9	1.433942	4.860535	0
36	1.433941	4.860517	0
36.1	1.433939	4.860497	0
36.2	1.433935	4.860473	0
36.3	1.433933	4.860448	0
36.4	1.433938	4.860424	0
36.5	1.433937	4.860409	0
36.6	1.433937	4.86039	0
36.7	1.433942	4.860367	0
36.8	1.433934	4.860351	0
36.9	1.433937	4.86032	0
37	1.433937	4.860299	0
37.1	1.433932	4.860277	0
37.2	1.433933	4.860252	0
37.3	1.433937	4.86023	0
37.4	1.433933	4.860216	0
37.5	1.433935	4.860187	0
37.6	1.433936	4.860174	0
37.7	1.433933	4.860152	0
37.8	1.433935	4.860128	0
37.9	1.433932	4.860108	0
38	1.433934	4.860086	0
38.1	1.43393	4.860064	0
38.2	1.433933	4.860045	0
38.3	1.433933	4.860027	0
38.4	1.433932	4.860005	0
38.5	1.433933	4.859978	0
38.6	1.433934	4.859952	0
38.7	1.43393	4.859934	0
38.8	1.433929	4.859908	0
38.9	1.433929	4.859891	0
39	1.433932	4.859872	0
39.1	1.433932	4.85985	0
39.2	1.433931	4.859828	0
39.3	1.43393	4.859804	0
39.4	1.433928	4.859779	0
39.5	1.433928	4.859765	0
39.6	1.433926	4.859745	0
39.7	1.433928	4.859722	0
39.8	1.433929	4.859701	0
39.9	1.433929	4.859682	0
40	1.433929	4.859661	0
40.1	1.433929	4.859631	0
40.2	1.433927	4.859611	0
40.3	1.433925	4.859588	0
40.4	1.433926	4.859568	0
40.5	1.433925	4.859544	0
40.6	1.433926	4.859528	0
40.7	1.433927	4.859505	0
40.8	1.433929	4.859487	0
40.9	1.433926	4.859465	0
41	1.433923	4.859437	0
41.1	1.433923	4.859412	0
41.2	1.433922	4.859389	0
41.3	1.433926	4.859363	0
41.4	1.433928	4.859341	0
41.5	1.433926	4.859333	0
41.6	1.433928	4.859319	0
41.7	1.433929	4.859293	0
41.8	1.433926	4.859266	0
41.9	1.433916	4.859242	0
42	1.433925	4.859215	0
42.1	1.433924	4.859192	0
42.2	1.433924	4.859172	0
42.3	1.433925	4.859162	0
42.4	1.433922	4.859144	0
42.5	1.433926	4.859122	0
42.6	1.433922	4.859092	0
42.7	1.433921	4.859071	0
42.8	1.433923	4.859046	0
42.9	1.433925	4.859022	0
43	1.433923	4.859004	0
43.1	1.43392	4.858983	0
43.2	1.433924	4.858967	0
43.3	1.433923	4.858948	0
43.4	1.433917	4.858925	0
43.5	1.433921	4.858899	0
43.6	1.433922	4.858872	0
43.7	1.433923	4.858848	0
43.8	1.433918	4.858834	0
43.9	1.43392	4.85881	0
44	1.433922	4.858789	0
44.1	1.433918	4.858768	0
44.2	1.433917	4.858747	0
44.3	1.433915	4.858724	0
44.4	1.433916	4.858699	0
44.5	1.433915	4.858682	0
44.6	1.43392	4.858662	0
44.7	1.433917	4.858642	0
44.8	1.433917	4.858619	0
44.9	1.433919	4.858596	0
45	1.433917	4.858573	0
45.1	1.433914	4.858558	0
45.2	1.433915	4.858531	0
45.3	1.433918	4.858506	0
45.4	1.433915	4.858484	0
45.5	1.433915	4.858461	0
45.6	1.433918	4.858443	0
45.7	1.433912	4.858426	0
45.8	1.433913	4.858406	0
45.9	1.433915	4.858378	0
46	1.433913	4.858356	0
46.1	1.43391	4.858338	0
46.2	1.433912	4.858317	0
46.3	1.433914	4.858296	0
46.4	1.433911	4.85828	0
46.5	1.433913	4.858258	0
46.6	1.433913	4.858235	0
46.7	1.433911	4.858215	0
46.8	1.433914	4.858191	0
46.9	1.433909	4.858172	0
47	1.433911	4.858151	0
47.1	1.433909	4.858126	0
47.2	1.433912	4.858108	0
47.3	1.433913	4.858087	0
47.4	1.433912	4.85807	0
47.5	1.433912	4.858052	0
47.6	1.433908	4.858032	0
47.7	1.433908	4.858004	0
47.8	1.433905	4.857973	0
47.9	1.433904	4.857949	0
48	1.433905	4.857931	0
48.1	1.433912	4.857916	0
48.2	1.433906	4.857902	0
48.3	1.433908	4.857879	0
48.4	1.433907	4.857849	0
48.5	1.433905	4.857821	0
48.6	1.433905	4.8578	0
48.7	1.433903	4.857776	0
48.8	1.433904	4.857764	0
48.9	1.433908	4.857748	0
49	1.433906	4.857728	0
49.1	1.433905	4.857707	0
49.2	1.433908	4.857684	0
49.3	1.433901	4.857661	0
49.4	1.433903	4.857636	0
49.5	1.433906	4.857606	0
49.6	1.433902	4.857589	0
49.7	1.433904	4.857566	0
49.8	1.433906	4.857549	0
49.9	1.433903	4.857526	0
50	1.433904	4.85751	0
50.1	1.433901	4.857488	0
50.2	1.433904	4.857465	0
50.3	1.433902	4.857443	0
50.4	1.433901	4.857418	0
50.5	1.433903	4.857395	0
50.6	1.433903	4.857372	0
50.7	1.433903	4.857355	0
50.8	1.433899	4.857335	0
50.9	1.433898	4.857313	0
51	1.433902	4.857285	0
51.1	1.433896	4.857265	0
51.2	1.433903	4.857243	0
51.3	1.433904	4.857223	0
51.4	1.433904	4.857203	0
51.5	1.4339	4.857182	0
51.6	1.4339	4.857163	0
51.7	1.433899	4.85714	0
51.8	1.433894	4.857115	0
51.9	1.433899	4.85709	0
52	1.4339	4.857063	0
52.1	1.433897	4.857052	0
52.2	1.433898	4.857033	0
52.3	1.4339	4.857008	0
52.4	1.433897	4.856988	0
52.5	1.433895	4.856962	0
52.6	1.433897	4.856935	0
52.7	1.433896	4.856918	0
52.8	1.433896	4.856897	0
52.9	1.433893	4.856874	0
53	1.433897	4.856855	0
53.1	1.433894	4.856835	0
53.2	1.433896	4.856809	0
53.3	1.433895	4.856785	0
53.4	1.433896	4.85676	0
53.5	1.433895	4.85674	0
53.6	1.433893	4.85672	0
53.7	1.433892	4.856702	0
53.8	1.433894	4.856678	0
53.9	1.433894	4.856658	0
54	1.433892	4.856635	0
54.1	1.433893	4.856615	0
54.2	1.433894	4.856592	0
54.3	1.433892	4.856566	0
54.4	1.433894	4.856543	0
54.5	1.433892	4.856525	0
54.6	1.433893	4.856502	0
54.7	1.433895	4.856485	0
54.8	1.433893	4.85646	0
54.9	1.433891	4.856439	0
55	1.433891	4.856407	0
55.1	1.433891	4.856386	0
55.2	1.433889	4.856367	0
55.3	1.433892	4.856342	0
55.4	1.433891	4.856321	0
55.5	1.433891	4.856307	0
55.6	1.433887	4.856277	0
55.7	1.433892	4.856256	0
55.8	1.433888	4.856232	0
55.9	1.433889	4.856209	0
56	1.433889	4.85619	0
56.1	1.433891	4.856169	0
56.2	1.433887	4.856152	0
56.3	1.433888	4.856139	0
56.4	1.433892	4.856112	0
56.5	1.43389	4.856085	0
56.6	1.433886	4.856065	0
56.7	1.433889	4.856034	0
56.8	1.433886	4.856008	0
56.9	1.433886	4.855991	0
57	1.433886	4.855969	0
57.1	1.433887	4.855956	0
57.2	1.433888	4.855928	0
57.3	1.433886	4.855905	0
57.4	1.433889	4.855879	0
57.5	1.433885	4.855859	0
57.6	1.433884	4.855846	0
57.7	1.433885	4.855823	0
57.8	1.433883	4.855801	0
57.9	1.433886	4.855775	0
58	1.433887	4.855752	0
58.1	1.433883	4.855737	0
58.2	1.433883	4.855713	0
58.3	1.433883	4.855692	0
58.4	1.433886	4.855667	0
58.5	1.433884	4.855651	0
58.6	1.433889	4.855633	0
58.7	1.433885	4.855608	0
58.8	1.433884	4.855583	0
58.9	1.433884	4.855556	0
59	1.433883	4.85553	0
59.1	1.43388	4.855515	0
59.2	1.433884	4.855494	0
59.3	1.433885	4.855481	0
59.4	1.433881	4.855464	0
59.5	1.433881	4.855437	0
59.6	1.433882	4.855406	0
59.7	1.433879	4.855382	0
59.8	1.433883	4.855361	0
59.9	1.433882	4.85534	0
60	1.433885	4.855324	0
60.1	1.433879	4.8553	0
60.2	1.43388	4.855286	0
60.3	1.43388	4.855265	0
60.4	1.433876	4.855237	0
60.5	1.433877	4.855214	0
60.6	1.433879	4.85519	0
60.7	1.433877	4.855171	0
60.8	1.433879	4.855145	0
60.9	1.433878	4.855133	0
61	1.433878	4.855115	0
61.1	1.433877	4.855093	0
61.2	1.433878	4.855072	0
61.3	1.433876	4.855044	0
61.4	1.433878	4.855017	0
61.5	1.433874	4.855	0
61.6	1.433877	4.85498	0
61.7	1.433876	4.854957	0
61.8	1.433874	4.854943	0
61.9	1.433875	4.854923	0
62	1.433875	4.854897	0
62.1	1.433877	4.854871	0
62.2	1.43387	4.854854	0
62.3	1.433877	4.854829	0
62.4	1.433875	4.854808	0
62.5	1.433872	4.854787	0
62.6	1.433874	4.854764	0
62.7	1.433874	4.854744	0
62.8	1.433873	4.854721	0
62.9	1.433874	4.854695	0
63	1.433874	4.854674	0
63.1	1.433868	4.854654	0
63.2	1.433871	4.854632	0
63.3	1.433866	4.854615	0
63.4	1.433872	4.854603	0
63.5	1.433876	4.854583	0
63.6	1.43387	4.854558	0
63.7	1.433867	4.854537	0
63.8	1.433871	4.854507	0
63.9	1.433866	4.854479	0
64	1.433868	4.854464	0
64.1	1.433867	4.854449	0
64.2	1.433868	4.854435	0
64.3	1.43387	4.854405	0
64.4	1.433866	4.854379	0
64.5	1.433863	4.854359	0
64.6	1.433869	4.854332	0
64.7	1.433866	4.854309	0
64.8	1.433863	4.854291	0
64.9	1.433869	4.854271	0
65	1.433866	4.85425	0
65.1	1.433867	4.854232	0
65.2	1.433865	4.854208	0
65.3	1.433865	4.854188	0
65.4	1.433865	4.85417	0
65.5	1.433864	4.854142	0
65.6	1.433866	4.854118	0
65.7	1.433863	4.854096	0
65.8	1.433866	4.854078	0
65.9	1.433866	4.854061	0
66	1.433864	4.854038	0
66.1	1.433865	4.854017	0
66.2	1.433862	4.853992	0
66.3	1.433863	4.853969	0
66.4	1.433864	4.853951	0
66.5	1.433861	4.853931	0
66.6	1.433865	4.85391	0
66.7	1.433864	4.853891	0
66.8	1.433863	4.853866	0
66.9	1.433861	4.853835	0
67	1.433862	4.853813	0
67.1	1.433859	4.853793	0
67.2	1.433862	4.853773	0
67.3	1.433861	4.853748	0
67.4	1.43386	4.853732	0
67.5	1.433862	4.853711	0
67.6	1.433861	4.853687	0
67.7	1.433862	4.853671	0
67.8	1.433859	4.853647	0
67.9	1.43386	4.85362	0
68	1.433859	4.853593	0
68.1	1.433858	4.853572	0
68.2	1.433858	4.853556	0
68.3	1.433859	4.853536	0
68.4	1.433859	4.853513	0
68.5	1.433859	4.853489	0
68.6	1.433859	4.853466	0
68.7	1.433857	4.853438	0
68.8	1.433859	4.853416	0
68.9	1.433858	4.8534	0
69	1.433856	4.853383	0
69.1	1.433859	4.853369	0
69.2	1.433858	4.853348	0
69.3	1.433856	4.853325	0
69.4	1.433856	4.853305	0
69.5	1.433851	4.853282	0
69.6	1.433854	4.853261	0
69.7	1.433859	4.853237	0
69.8	1.433854	4.853218	0
69.9	1.433856	4.853201	0
70	1.433855	4.85318	0
70.1	1.433857	4.85316	0
70.2	1.433858	4.853137	0
70.3	1.433856	4.853109	0
70.4	1.433857	4.853084	0
70.5	1.433849	4.853064	0
70.6	1.433851	4.853041	0
70.7	1.433855	4.853022	0
70.8	1.433856	4.853002	0
70.9	1.433854	4.852987	0
71	1.433852	4.852968	0
71.1	1.433856	4.852937	0
71.2	1.433855	4.852909	0
71.3	1.43385	4.852885	0
71.4	1.433852	4.852861	0
71.5	1.433853	4.852842	0
71.6	1.433853	4.852827	0
71.7	1.433852	4.852802	0
71.8	1.433852	4.85278	0
71.9	1.43385	4.852757	0
72	1.43385	4.852739	0
72.1	1.433848	4.852716	0
72.2	1.433849	4.85269	0
72.3	1.43385	4.852665	0
72.4	1.433847	4.852645	0
72.5	1.43385	4.852628	0
72.6	1.43385	4.852613	0
72.7	1.433848	4.852592	0
72.8	1.433851	4.852568	0
72.9	1.433851	4.852545	0
73	1.433849	4.85252	0
73.1	1.433849	4.852499	0
73.2	1.433848	4.852481	0
73.3	1.433847	4.852462	0
73.4	1.433847	4.852441	0
73.5	1.433845	4.85242	0
73.6	1.433849	4.852395	0
73.7	1.433845	4.852369	0
73.8	1.433844	4.852354	0
73.9	1.43385	4.852328	0
74	1.433849	4.852312	0
74.1	1.433849	4.852292	0
74.2	1.433845	4.852268	0
74.3	1.433848	4.852243	0
74.4	1.433842	4.852218	0
74.5	1.433848	4.852195	0
74.6	1.433847	4.852178	0
74.7	1.433848	4.85216	0
74.8	1.433847	4.852139	0
74.9	1.433846	4.852116	0
75	1.433841	4.852089	0
75.1	1.433842	4.852061	0
75.2	1.43384	4.852045	0
75.3	1.433844	4.852022	0
75.4	1.433846	4.852008	0
75.5	1.433844	4.851995	0
75.6	1.433843	4.851971	0
75.7	1.433845	4.851947	0
75.8	1.433841	4.851924	0
75.9	1.433845	4.851894	0
76	1.433841	4.851864	0
76.1	1.433843	4.85184	0
76.2	1.43384	4.851824	0
76.3	1.433841	4.851805	0
76.4	1.433841	4.851786	0
76.5	1.433841	4.851768	0
76.6	1.433838	4.851742	0
76.7	1.433841	4.851717	0
76.8	1.433841	4.851692	0
76.9	1.433841	4.851671	0
77	1.433834	4.851649	0
77.1	1.433841	4.851628	0
77.2	1.433839	4.851613	0
77.3	1.433841	4.851588	0
77.4	1.43384	4.851566	0
77.5	1.43384	4.851545	0
77.6	1.433838	4.851519	0
77.7	1.433838	4.851496	0
77.8	1.433835	4.851473	0
77.9	1.433836	4.851453	0
78	1.433841	4.851426	0
78.1	1.433837	4.851409	0
78.2	1.433836	4.851395	0
78.3	1.433841	4.851376	0
78.4	1.433836	4.851356	0
78.5	1.433834	4.851326	0
78.6	1.433837	4.851302	0
78.7	1.433833	4.851277	0
78.8	1.433833	4.851255	0
78.9	1.433837	4.851234	0
79	1.433839	4.85122	0
79.1	1.433835	4.851195	0
79.2	1.433837	4.851177	0
79.3	1.433834	4.851152	0
79.4	1.433833	4.851123	0
79.5	1.433829	4.851107	0
79.6	1.433834	4.851086	0
79.7	1.433832	4.85107	0
79.8	1.43383	4.851049	0
79.9	1.433833	4.851024	0
80	1.433834	4.850998	0
80.1	1.43383	4.850975	0
80.2	1.433828	4.85095	0
80.3	1.433831	4.850926	0
80.4	1.433834	4.850903	0
80.5	1.433831	4.850892	0
80.6	1.433829	4.850871	0
80.7	1.433828	4.850846	0
80.8	1.433829	4.850818	0
80.9	1.433831	4.850792	0
81	1.43383	4.850769	0
81.1	1.433825	4.850749	0
81.2	1.433831	4.850729	0
81.3	1.433827	4.850709	0
81.4	1.433828	4.850685	0
81.5	1.433826	4.850665	0
81.6	1.433827	4.85064	0
81.7	1.433829	4.850621	0
81.8	1.433826	4.850608	0
81.9	1.433825	4.850586	0
82	1.433826	4.850561	0
82.1	1.433827	4.85054	0
82.2	1.433827	4.850514	0
82.3	1.433828	4.850492	0
82.4	1.433827	4.850469	0
82.5	1.433825	4.850446	0
82.6	1.433826	4.850431	0
82.7	1.433827	4.85041	0
82.8	1.433822	4.850392	0
82.9	1.433826	4.850366	0
83	1.433825	4.850341	0
83.1	1.433822	4.850323	0
83.2	1.433827	4.850298	0
83.3	1.433825	4.850278	0
83.4	1.433825	4.850254	0
83.5	1.433823	4.850232	0
83.6	1.433826	4.850212	0
83.7	1.433824	4.850188	0
83.8	1.433822	4.850166	0
83.9	1.433824	4.850142	0
84	1.433825	4.850122	0
84.1	1.433824	4.850097	0
84.2	1.433823	4.850076	0
84.3	1.433823	4.850054	0
84.4	1.433824	4.850033	0
84.5	1.433821	4.85002	0
84.6	1.433821	4.849998	0
84.7	1.433824	4.849972	0
84.8	1.433826	4.849943	0
84.9	1.433818	4.849922	0
85	1.433817	4.8499	0
85.1	1.43382	4.849882	0
85.2	1.433815	4.849864	0
85.3	1.433819	4.849844	0
85.4	1.433822	4.849831	0
85.5	1.433824	4.849805	0
85.6	1.433819	4.849793	0
85.7	1.433817	4.849766	0
85.8	1.43382	4.849734	0
85.9	1.433817	4.849717	0
86	1.433814	4.849693	0
86.1	1.433818	4.849667	0
86.2	1.433819	4.849646	0
86.3	1.433817	4.849631	0
86.4	1.433813	4.849608	0
86.5	1.433816	4.849585	0
86.6	1.433815	4.849558	0
86.7	1.433815	4.849532	0
86.8	1.433817	4.849512	0
86.9	1.433811	4.849498	0
87	1.433815	4.849476	0
87.1	1.433817	4.849454	0
87.2	1.433812	4.849437	0
87.3	1.433817	4.849415	0
87.4	1.433815	4.849391	0
87.5	1.433815	4.849372	0
87.6	1.43381	4.849349	0
87.7	1.43381	4.849329	0
87.8	1.433806	4.849304	0
87.9	1.433812	4.849278	0
88	1.433813	4.849259	0
88.1	1.433814	4.849245	0
88.2	1.433815	4.84922	0
88.3	1.43381	4.849196	0
88.4	1.433812	4.849171	0
88.5	1.433808	4.849149	0
88.6	1.433806	4.849129	0
88.7	1.433808	4.849107	0
88.8	1.433812	4.849089	0
88.9	1.433809	4.849067	0
89	1.433808	4.849037	0
89.1	1.433806	4.849013	0
89.2	1.43381	4.84899	0
89.3	1.433812	4.848975	0
89.4	1.433807	4.848966	0
89.5	1.433809	4.848945	0
89.6	1.433809	4.848915	0
89.7	1.433807	4.848896	0
89.8	1.433803	4.848868	0
89.9	1.433805	4.848845	0
90	1.433808	4.848823	0
90.1	1.433805	4.848804	0
90.2	1.433806	4.848778	0
90.3	1.433807	4.848763	0
90.4	1.433805	4.848743	0
90.5	1.433805	4.848724	0
90.6	1.433806	4.848693	0
90.7	1.433807	4.848671	0
90.8	1.433802	4.84865	0
90.9	1.433804	4.848628	0
91	1.433802	4.848608	0
91.1	1.433807	4.84859	0
91.2	1.433804	4.848565	0
91.3	1.433804	4.848548	0
91.4	1.433806	4.84853	0
91.5	1.433803	4.848505	0
91.6	1.433803	4.848482	0
91.7	1.433802	4.848462	0
91.8	1.433803	4.848443	0
91.9	1.433802	4.848419	0
92	1.433805	4.848399	0
92.1	1.433801	4.848382	0
92.2	1.433801	4.848356	0
92.3	1.433805	4.848329	0
92.4	1.433801	4.848308	0
92.5	1.4338	4.848281	0
92.6	1.433803	4.848261	0
92.7	1.433803	4.84824	0
92.8	1.433799	4.848225	0
92.9	1.4338	4.848199	0
93	1.433797	4.848178	0
93.1	1.433799	4.848158	0
93.2	1.433797	4.848142	0
93.3	1.433805	4.848113	0
93.4	1.433801	4.848093	0
93.5	1.433799	4.848073	0
93.6	1.433804	4.848045	0
93.7	1.433798	4.848032	0
93.8	1.433797	4.848011	0
93.9	1.433799	4.847991	0
94	1.433794	4.847969	0
94.1	1.433797	4.847941	0
94.2	1.433797	4.84792	0
94.3	1.433799	4.847904	0
94.4	1.433795	4.847887	0
94.5	1.433801	4.847866	0
94.6	1.433796	4.847847	0
94.7	1.433794	4.847818	0
94.8	1.433795	4.847795	0
94.9	1.433796	4.847767	0
95	1.433793	4.847747	0
95.1	1.433796	4.847726	0
95.2	1.433795	4.847708	0
95.3	1.433796	4.847687	0
95.4	1.433796	4.847663	0
95.5	1.433794	4.847645	0
95.6	1.433795	4.847628	0
95.7	1.433795	4.847603	0
95.8	1.433794	4.847583	0
95.9	1.43379	4.847562	0
96	1.433791	4.847542	0
96.1	1.433794	4.847517	0
96.2	1.433797	4.847496	0
96.3	1.433794	4.847472	0
96.4	1.433793	4.847451	0
96.5	1.433789	4.847431	0
96.6	1.433792	4.847404	0
96.7	1.433791	4.847386	0
96.8	1.433793	4.847369	0
96.9	1.433793	4.847347	0
97	1.433789	4.847327	0
97.1	1.433789	4.847299	0
97.2	1.433787	4.847273	0
97.3	1.433791	4.847248	0
97.4	1.433787	4.847233	0
97.5	1.433787	4.847214	0
97.6	1.433794	4.847191	0
97.7	1.43379	4.847169	0
97.8	1.433787	4.847153	0
97.9	1.433789	4.847125	0
98	1.433788	4.8471	0
98.1	1.433786	4.847075	0
98.2	1.433788	4.847053	0
98.3	1.43379	4.847035	0
98.4	1.433785	4.847017	0
98.5	1.433787	4.847002	0
98.6	1.433786	4.846984	0
98.7	1.433786	4.846959	0
98.8	1.433787	4.846945	0
98.9	1.433787	4.846918	0
99	1.433788	4.84689	0
99.1	1.433787	4.846864	0
99.2	1.433789	4.846842	0
99.3	1.433789	4.846823	0
99.4	1.433788	4.846798	0
99.5	1.433787	4.846779	0
99.6	1.433787	4.846753	0
99.7	1.433788	4.84673	0
99.8	1.433786	4.84671	0
99.9	1.433787	4.84669	0
100	1.433787	4.846669	0
100.1	1.433784	4.846648	0
100.2	1.433782	4.846627	0
100.3	1.433786	4.846603	0
100.4	1.433785	4.846581	0
100.5	1.433782	4.846561	0
100.6	1.433789	4.846541	0
100.7	1.433787	4.846519	0
100.8	1.433785	4.846503	0
100.9	1.433788	4.846482	0
101	1.433783	4.846459	0
101.1	1.43378	4.846438	0
101.2	1.433786	4.84641	0
101.3	1.433782	4.846385	0
101.4	1.433782	4.846361	0
101.5	1.43378	4.846345	0
101.6	1.433784	4.846327	0
101.7	1.433785	4.846304	0
101.8	1.433784	4.846285	0
101.9	1.433783	4.846259	0
102	1.433781	4.846231	0
102.1	1.433778	4.84621	0
102.2	1.433782	4.846192	0
102.3	1.433781	4.846178	0
102.4	1.433782	4.846151	0
102.5	1.433782	4.846135	0
102.6	1.433782	4.846107	0
102.7	1.433777	4.846091	0
102.8	1.433779	4.846067	0
102.9	1.433777	4.846047	0
103	1.433779	4.846023	0
103.1	1.433781	4.845998	0
103.2	1.433777	4.845978	0
103.3	1.433776	4.845957	0
103.4	1.433774	4.845933	0
103.5	1.433775	4.845918	0
103.6	1.433775	4.8459	0
103.7	1.433775	4.84588	0
103.8	1.433775	4.845855	0
103.9	1.433772	4.845831	0
104	1.433774	4.845803	0
104.1	1.433774	4.845779	0
104.2	1.433773	4.845761	0
104.3	1.433774	4.845741	0
104.4	1.433773	4.845718	0
104.5	1.433777	4.845695	0
104.6	1.433778	4.845677	0
104.7	1.433777	4.845655	0
104.8	1.433775	4.845634	0
104.9	1.433773	4.845616	0
105	1.433774	4.845592	0
105.1	1.433773	4.845564	0
105.2	1.43377	4.84554	0
105.3	1.43377	4.845519	0
105.4	1.433771	4.845498	0
105.5	1.433767	4.845487	0
105.6	1.433771	4.845463	0
105.7	1.433771	4.845443	0
105.8	1.433769	4.845421	0
105.9	1.433773	4.845408	0
106	1.433773	4.845386	0
106.1	1.433771	4.845361	0
106.2	1.43377	4.845333	0
106.3	1.433767	4.845305	0
106.4	1.433767	4.845283	0
106.5	1.433765	4.845268	0
106.6	1.433766	4.845243	0
106.7	1.433767	4.845227	0
106.8	1.433771	4.845208	0
106.9	1.433766	4.845183	0
107	1.43377	4.84516	0
107.1	1.433767	4.845139	0
107.2	1.433767	4.845117	0
107.3	1.433767	4.845099	0
107.4	1.433768	4.845077	0
107.5	1.433766	4.84506	0
107.6	1.433764	4.84504	0
107.7	1.433765	4.845012	0
107.8	1.433764	4.844987	0
107.9	1.433763	4.844965	0
108	1.433764	4.84494	0
108.1	1.433766	4.844921	0
108.2	1.433764	4.844907	0
108.3	1.433758	4.844882	0
108.4	1.433764	4.844855	0
108.5	1.433761	4.844829	0
108.6	1.433764	4.844813	0
108.7	1.433765	4.844793	0
108.8	1.433764	4.844771	0
108.9	1.43376	4.844755	0
109	1.433759	4.844722	0
109.1	1.433763	4.844697	0
109.2	1.43376	4.844675	0
109.3	1.433761	4.844654	0
109.4	1.43376	4.844638	0
109.5	1.433762	4.844617	0
109.6	1.433761	4.844594	0
109.7	1.43376	4.844568	0
109.8	1.433761	4.844549	0
109.9	1.433759	4.844528	0
110	1.433757	4.844508	0
110.1	1.433761	4.844481	0
110.2	1.433757	4.844469	0
110.3	1.433757	4.844452	0
110.4	1.433757	4.844432	0
110.5	1.433761	4.844405	0
110.6	1.433759	4.844386	0
110.7	1.433762	4.844358	0
110.8	1.433759	4.844336	0
110.9	1.433761	4.84431	0
111	1.433761	4.844289	0
111.1	1.433757	4.844274	0
111.2	1.433756	4.844255	0
111.3	1.433759	4.844235	0
111.4	1.433758	4.844207	0
111.5	1.433757	4.844189	0
111.6	1.433758	4.844167	0
111.7	1.433761	4.844144	0
111.8	1.433753	4.844124	0
111.9	1.433756	4.844108	0
112	1.433757	4.844085	0
112.1	1.433754	4.844071	0
112.2	1.433753	4.84405	0
112.3	1.433756	4.844019	0
112.4	1.433758	4.843994	0
112.5	1.433751	4.843973	0
112.6	1.433758	4.843949	0
112.7	1.433756	4.843929	0
112.8	1.433757	4.843911	0
112.9	1.433758	4.843894	0
113	1.433757	4.843871	0
113.1	1.433757	4.84385	0
113.2	1.433758	4.843827	0
113.3	1.433758	4.843809	0
113.4	1.433757	4.843787	0
113.5	1.433754	4.843764	0
113.6	1.433753	4.843741	0
113.7	1.433753	4.843724	0
113.8	1.433757	4.843702	0
113.9	1.433754	4.843688	0
114	1.433751	4.843663	0
114.1	1.433753	4.84364	0
114.2	1.433752	4.843629	0
114.3	1.433753	4.843603	0
114.4	1.433754	4.843585	0
114.5	1.433753	4.843559	0
114.6	1.433751	4.843538	0
114.7	1.433752	4.843519	0
114.8	1.433753	4.843499	0
114.9	1.433753	4.843478	0
115	1.433753	4.84346	0
115.1	1.43375	4.843442	0
115.2	1.433748	4.84342	0
115.3	1.433749	4.843401	0
115.4	1.433745	4.843389	0
115.5	1.433748	4.843362	0
115.6	1.433749	4.843339	0
115.7	1.433747	4.843324	0
115.8	1.43375	4.843305	0
115.9	1.433744	4.84329	0
116	1.433749	4.843264	0
116.1	1.433748	4.843242	0
116.2	1.433751	4.843222	0
116.3	1.433752	4.843199	0
116.4	1.433749	4.84318	0
116.5	1.433747	4.843157	0
116.6	1.43375	4.843129	0
116.7	1.433747	4.843107	0
116.8	1.433744	4.843083	0
116.9	1.433746	4.843069	0
117	1.433743	4.84305	0
117.1	1.433742	4.84303	0
117.2	1.433741	4.843011	0
117.3	1.433743	4.842995	0
117.4	1.433742	4.842973	0
117.5	1.433742	4.842951	0
117.6	1.433743	4.842929	0
117.7	1.433742	4.842913	0
117.8	1.433744	4.84289	0
117.9	1.433742	4.842868	0
118	1.433741	4.842843	0
118.1	1.433738	4.842816	0
118.2	1.433742	4.842802	0
118.3	1.433742	4.842782	0
118.4	1.433739	4.842762	0
118.5	1.433741	4.842742	0
118.6	1.433742	4.842724	0
118.7	1.433743	4.842705	0
118.8	1.43374	4.842686	0
118.9	1.433741	4.842663	0
119	1.433739	4.842635	0
119.1	1.433738	4.842621	0
119.2	1.433738	4.842597	0
119.3	1.433738	4.842576	0
119.4	1.433736	4.842554	0
119.5	1.433737	4.842534	0
119.6	1.433739	4.842516	0
119.7	1.433736	4.842494	0
119.8	1.433739	4.84247	0
119.9	1.433739	4.842453	0
120	1.433738	4.842432	0
120.1	1.433737	4.842416	0
120.2	1.433736	4.842394	0
120.3	1.433738	4.84237	0
120.4	1.433735	4.842348	0
120.5	1.433734	4.842325	0
120.6	1.43373	4.842307	0
120.7	1.433736	4.842281	0
120.8	1.433736	4.842265	0
120.9	1.433732	4.842247	0
121	1.433737	4.842229	0
121.1	1.433735	4.842206	0
121.2	1.433736	4.842185	0
121.3	1.433735	4.842165	0
121.4	1.433734	4.842144	0
121.5	1.433734	4.842122	0
121.6	1.433735	4.842096	0
121.7	1.433732	4.842073	0
121.8	1.433733	4.842053	0
121.9	1.433734	4.842033	0
122	1.433734	4.842014	0
122.1	1.433733	4.841992	0
122.2	1.433732	4.841971	0
122.3	1.433733	4.841952	0
122.4	1.433731	4.841935	0
122.5	1.433733	4.841917	0
122.6	1.433731	4.84189	0
122.7	1.433732	4.841868	0
122.8	1.433732	4.841847	0
122.9	1.433731	4.841827	0
123	1.433735	4.841805	0
123.1	1.433733	4.841785	0
123.2	1.433731	4.841766	0
123.3	1.433733	4.841746	0
123.4	1.43373	4.841724	0
123.5	1.433729	4.841702	0
123.6	1.43373	4.841677	0
123.7	1.43373	4.84167	0
123.8	1.433728	4.841692	0
123.9	1.433727	4.841745	0
124	1.433728	4.841807	0
124.1	1.433725	4.841895	0
124.2	1.433727	4.842057	0
124.3	1.433727	4.84263	0
124.4	1.433757	4.845507	0
124.5	1.433853	4.854634	0
124.6	1.434068	4.874652	0
124.7	1.434446	4.910309	0
124.8	1.435047	4.966291	0
124.9	1.435918	5.047188	0
125	1.437097	5.157446	0
125.1	1.438649	5.301345	0
125.2	1.440608	5.482906	0
125.3	1.44302	5.705957	0
125.4	1.445917	5.974088	0
125.5	1.449351	6.290637	0
125.6	1.453341	6.658727	0
125.7	1.457906	7.079572	0
125.8	1.463032	7.551927	0
125.9	1.468701	8.074479	0
126	1.474901	8.646063	0
126.1	1.481621	9.265628	0
126.2	1.488852	9.932254	0
126.3	1.496593	10.64513	0
126.4	1.504825	11.40352	0
126.5	1.513547	12.20672	0
126.6	1.522752	13.05415	0
126.7	1.532426	13.94534	0
126.8	1.54257	14.87993	0
126.9	1.553186	15.85763	0
127	1.564272	16.87821	0
127.1	1.57582	17.94158	0
127.2	1.587831	19.04769	0
127.3	1.600312	20.19659	0
127.4	1.613263	21.38846	0
127.5	1.626683	22.62352	0
127.6	1.640947	23.90213	0
127.7	1.656867	25.2238	0
127.8	1.674718	26.5867	0
127.9	1.695745	27.98939	0
128	1.724312	29.43013	0
128.1	1.772109	30.90631	0
128.2	1.860932	32.41422	0
128.3	2.019681	33.94701	0
128.4	2.277997	35.49247	0
128.5	2.659919	37.03303	0
128.6	3.177502	38.54823	0
128.7	3.826838	40.01928	0
128.8	4.58913	41.43351	0
128.9	5.440055	42.78611	0
129	6.35539	44.07862	0
129.1	7.310925	45.31846	0
129.2	8.280287	46.52077	0
129.3	9.233267	47.70639	0
129.4	10.14301	48.89619	0
129.5	10.98386	50.11094	0
129.6	11.72746	51.36459	0
129.7	12.36246	52.65773	0
129.8	12.89378	53.98758	0
129.9	13.3333	55.34964	0
130	13.69558	56.73904	0
130.1	13.9984	58.15016	0
130.2	14.26111	59.57726	0
130.3	14.50618	61.01556	0
130.4	14.75947	62.46172	0
130.5	15.04728	63.90951	0
130.6	15.39978	65.34834	0
130.7	15.84535	66.76349	0
130.8	16.39634	68.13751	0
130.9	17.04739	69.45146	0
131	17.78546	70.69133	0
131.1	18.591	71.84915	0
131.2	19.44112	72.92564	0
131.3	20.31332	73.92814	0
131.4	21.18756	74.86712	0
131.5	22.04752	75.75432	0
131.6	22.87944	76.60231	0
131.7	23.67019	77.42007	0
131.8	24.41309	78.21012	0
131.9	25.10879	78.97076	0
132	25.76145	79.70164	0
132.1	26.3722	80.40536	0
132.2	26.93797	81.08691	0
132.3	27.4542	81.75185	0
132.4	27.91831	82.40423	0
132.5	28.33102	83.04676	0
132.6	28.69497	83.68156	0
132.7	29.01289	84.31094	0
132.8	29.28635	84.93755	0
132.9	29.51583	85.56427	0
133	29.70097	86.19431	0
133.1	29.84031	86.83189	0
133.2	29.93212	87.48032	0
133.3	29.97532	88.14245	0
133.4	29.96967	88.82088	0
133.5	29.91572	89.51838	0
133.6	29.81506	90.23989	0
133.7	29.67112	90.99197	0
133.8	29.48956	91.78086	0
133.9	29.27783	92.61002	0
134	29.04365	93.48161	0
134.1	28.79349	94.39713	0
134.2	28.53243	95.35729	0
134.3	28.2668	96.36211	0
134.4	28.00597	97.41127	0
134.5	27.76136	98.50396	0
134.6	27.54332	99.63812	0
134.7	27.35887	100.8107	0
134.8	27.21488	102.0174	0
134.9	27.11989	103.2521	0
135	27.07868	104.5085	0
135.1	27.09505	105.7807	0
135.2	27.17613	107.0612	0
135.3	27.32959	108.3418	0
135.4	27.55828	109.6137	0
135.5	27.86038	110.8689	0
135.6	28.23101	112.0997	0
135.7	28.66111	113.3003	0
135.8	29.13834	114.4675	0
135.9	29.64902	115.6012	0
136	30.17931	116.7035	0
136.1	30.71677	117.7773	0
136.2	31.25381	118.8249	0
136.3	31.78559	119.8489	0
136.4	32.30833	120.8514	0
136.5	32.81767	121.8358	0
136.6	33.3063	122.8069	0
136.7	33.76635	123.7689	0
136.8	34.19521	124.7243	0
136.9	34.5961	125.6743	0
137	34.97334	126.6195	0
137.1	35.32972	127.561	0
137.2	35.66563	128.5005	0
137.3	35.97898	129.4401	0
137.4	36.26846	130.3812	0
137.5	36.53417	131.3261	0
137.6	36.77674	132.2761	0
137.7	36.99731	133.2331	0
137.8	37.19689	134.1982	0
137.9	37.37681	135.1727	0
138	37.54007	136.1568	0
138.1	37.69243	137.1505	0
138.2	37.84184	138.1535	0
138.3	37.99671	139.1643	0
138.4	38.16439	140.1809	0
138.5	38.34952	141.2012	0
138.6	38.55417	142.2232	0
138.7	38.7786	143.2444	0
138.8	39.02092	144.2632	0
138.9	39.27655	145.2791	0
139	39.53918	146.2928	0
139.1	39.80224	147.3052	0
139.2	40.06203	148.3163	0
139.3	40.32029	149.3259	0
139.4	40.58269	150.3327	0
139.5	40.85582	151.3344	0
139.6	41.14461	152.3279	0
139.7	41.45097	153.311	0
139.8	41.77413	154.2825	0
139.9	42.11236	155.2404	0
140	42.4629	156.1825	0
140.1	42.82335	157.1084	0
140.2	43.19225	158.0171	0
140.3	43.56758	158.909	0
140.4	43.94673	159.7841	0
140.5	44.32718	160.643	0
140.6	44.70638	161.4865	0
140.7	45.08042	162.3164	0
140.8	45.44415	163.1358	0
140.9	45.79251	163.948	0
141	46.12169	164.7558	0
141.1	46.42994	165.5619	0
141.2	46.71614	166.3693	0
141.3	46.97891	167.1801	0
141.4	47.21733	167.9964	0
141.5	47.43209	168.8195	0
141.6	47.62569	169.6509	0
141.7	47.80175	170.4916	0
141.8	47.9632	171.3431	0
141.9	48.11226	172.2056	0
142	48.25116	173.0792	0
142.1	48.38251	173.964	0
142.2	48.50841	174.8601	0
142.3	48.6292	175.7673	0
142.4	48.74247	176.6859	0
142.5	48.84365	177.6168	0
142.6	48.93004	178.5614	0
142.7	49.0064	179.5195	0
142.8	49.08314	180.4899	0
142.9	49.16835	181.4712	0
143	49.26482	182.4628	0
143.1	49.37181	183.464	0
143.2	49.48486	184.4743	0
143.3	49.59932	185.4931	0
143.4	49.71393	186.5192	0
143.5	49.83121	187.5513	0
143.6	49.95509	188.5882	0
143.7	50.08851	189.6287	0
143.8	50.23269	190.6721	0
143.9	50.38764	191.7175	0
144	50.55328	192.7636	0
144.1	50.72989	193.8093	0
144.2	50.91795	194.8531	0
144.3	51.11759	195.8939	0
144.4	51.32838	196.9306	0
144.5	51.54962	197.9624	0
144.6	51.78049	198.9882	0
144.7	52.02015	200.0074	0
144.8	52.26746	201.0193	0
144.9	52.52119	202.0235	0
145	52.78025	203.0201	0
145.1	53.04531	204.0089	0
145.2	53.3193	204.9886	0
145.3	53.60538	205.9575	0
145.4	53.90438	206.9138	0
145.5	54.21354	207.8577	0
145.6	54.52841	208.7907	0
145.7	54.84691	209.7132	0
145.8	55.16975	210.6238	0
145.9	55.49727	211.5222	0
146	55.82709	212.4094	0
146.1	56.15524	213.2873	0
146.2	56.47742	214.1583	0
146.3	56.78909	215.025	0
146.4	57.08583	215.8898	0
146.5	57.36498	216.7546	0
146.6	57.62647	217.6214	0
146.7	57.87065	218.4922	0
146.8	58.0969	219.3686	0
146.9	58.30478	220.2516	0
147	58.49571	221.1421	0
147.1	58.67358	222.0406	0
147.2	58.84343	222.9472	0
147.3	59.01014	223.8612	0
147.4	59.17714	224.782	0
147.5	59.34526	225.7094	0
147.6	59.51446	226.6438	0
147.7	59.68675	227.5842	0
147.8	59.86363	228.5298	0
147.9	60.04315	229.4809	0
148	60.2219	230.4381	0
148.1	60.39564	231.4003	0
148.2	60.56005	232.3648	0
148.3	60.71212	233.3293	0
148.4	60.84999	234.2922	0
148.5	60.97211	235.2515	0
148.6	61.07717	236.2055	0
148.7	61.16432	237.153	0
148.8	61.23303	238.0931	0
148.9	61.28288	239.0251	0
149	61.31338	239.9489	0
149.1	61.32414	240.8651	0
149.2	61.3148	241.7759	0
149.3	61.28539	242.685	0
149.4	61.23587	243.594	0
149.5	61.16634	244.5048	0
149.6	61.07711	245.4188	0
149.7	60.96869	246.3378	0
149.8	60.84152	247.2634	0
149.9	60.69636	248.1971	0
150	60.53394	249.1405	0
150.1	60.35505	250.0949	0
150.2	60.16059	251.0618	0
150.3	59.95155	252.0423	0
150.4	59.72905	253.0376	0
150.5	59.49427	254.0488	0
150.6	59.2484	255.0769	0
150.7	58.99273	256.1225	0
150.8	58.72864	257.1865	0
150.9	58.45758	258.2695	0
151	58.18104	259.372	0
151.1	57.90053	260.4942	0
151.2	57.61759	261.6364	0
151.3	57.33385	262.7986	0
151.4	57.05099	263.9808	0
151.5	56.77062	265.1828	0
151.6	56.49438	266.4044	0
151.7	56.22393	267.6449	0
151.8	55.9609	268.9039	0
151.9	55.70694	270.1807	0
152	55.4636	271.4744	0
152.1	55.23236	272.7841	0
152.2	55.01467	274.1086	0
152.3	54.81194	275.4468	0
152.4	54.62545	276.7974	0
152.5	54.45631	278.1588	0
152.6	54.30552	279.5297	0
152.7	54.17411	280.9084	0
152.8	54.06278	282.2933	0
152.9	53.97207	283.6825	0
153	53.90244	285.0744	0
153.1	53.85417	286.4677	0
153.2	53.82733	287.8596	0
153.3	53.82177	289.2487	0
153.4	53.83723	290.6333	0
153.5	53.87326	292.0116	0
153.6	53.92916	293.382	0
153.7	54.0041	294.7428	0
153.8	54.09711	296.0925	0
153.9	54.20708	297.4295	0
154	54.33271	298.7526	0
154.1	54.47259	300.0605	0
154.2	54.62524	301.3523	0
154.3	54.78908	302.6269	0
154.4	54.96242	303.8835	0
154.5	55.1435	305.1213	0
154.6	55.3306	306.3401	0
154.7	55.52192	307.5395	0
154.8	55.71568	308.7191	0
154.9	55.91007	309.879	0
155	56.10339	311.0192	0
155.1	56.29388	312.14	0
155.2	56.47993	313.2415	0
155.3	56.65993	314.3245	0
155.4	56.83234	315.3895	0
155.5	56.99573	316.4372	0
155.6	57.14878	317.4685	0
155.7	57.29025	318.4841	0
155.8	57.419	319.4852	0
155.9	57.53398	320.473	0
156	57.63426	321.4485	0
156.1	57.71903	322.413	0
156.2	57.78757	323.368	0
156.3	57.8393	324.3146	0
156.4	57.87375	325.2543	0
156.5	57.89054	326.1888	0
156.6	57.88942	327.1192	0
156.7	57.87025	328.0475	0
156.8	57.83302	328.9741	0
156.9	57.77783	329.902	0
157	57.7049	330.8321	0
157.1	57.61454	331.7657	0
157.2	57.50719	332.7046	0
157.3	57.38336	333.6499	0
157.4	57.24364	334.6032	0
157.5	57.08874	335.5658	0
157.6	56.91946	336.5388	0
157.7	56.73667	337.5237	0
157.8	56.54133	338.5211	0
157.9	56.33441	339.5324	0
158	56.117	340.5584	0
158.1	55.89025	341.5998	0
158.2	55.6554	342.6574	0
158.3	55.41368	343.7318	0
158.4	55.16641	344.8235	0
158.5	54.91488	345.9327	0
158.6	54.66053	347.0598	0
158.7	54.40479	348.2049	0
158.8	54.14907	349.3679	0
158.9	53.89483	350.5488	0
159	53.64353	351.7473	0
159.1	53.39665	352.9631	0
159.2	53.15563	354.1957	0
159.3	52.9219	355.4446	0
159.4	52.69684	356.7091	0
159.5	52.48176	357.9883	0
159.6	52.278	359.2813	0
159.7	52.08678	360.587	0
159.8	51.90925	361.9044	0
159.9	51.7464	363.2324	0
160	51.59926	364.5694	0
160.1	51.46864	365.9143	0
160.2	51.35523	367.2656	0
160.3	51.2596	368.6217	0
160.4	51.18225	369.9812	0
160.5	51.12347	371.3426	0
160.6	51.08337	372.7039	0
160.7	51.06193	374.0641	0
160.8	51.05906	375.4213	0
160.9	51.07441	376.774	0
161	51.10748	378.1207	0
161.1	51.15765	379.46	0
161.2	51.22421	380.7903	0
161.3	51.30624	382.1105	0
161.4	51.40268	383.4193	0
161.5	51.51242	384.7154	0
161.6	51.63424	385.9981	0
161.7	51.76678	387.2662	0
161.8	51.90865	388.5191	0
161.9	52.05837	389.756	0
162	52.21445	390.9763	0
162.1	52.37533	392.1797	0
162.2	52.53949	393.3659	0
162.3	52.70535	394.5348	0
162.4	52.87133	395.6862	0
162.5	53.03598	396.8205	0
162.6	53.1978	397.9376	0
162.7	53.35534	399.038	0
162.8	53.50723	400.122	0
162.9	53.65213	401.1904	0
163	53.78883	402.2437	0
163.1	53.91612	403.2827	0
163.2	54.03301	404.3082	0
163.3	54.13845	405.3212	0
163.4	54.23154	406.3226	0
163.5	54.3115	407.3135	0
163.6	54.37763	408.2951	0
163.7	54.42934	409.2685	0
163.8	54.46611	410.2349	0
163.9	54.48754	411.1956	0
164	54.49333	412.1521	0
164.1	54.4833	413.1053	0
164.2	54.45736	414.057	0
164.3	54.41551	415.0078	0
164.4	54.35788	415.9602	0
164.5	54.28468	416.9149	0
164.6	54.19619	417.8731	0
164.7	54.09282	418.8363	0
164.8	53.97504	419.8056	0
164.9	53.84341	420.7823	0
165	53.6986	421.7675	0
165.1	53.54133	422.7623	0
165.2	53.37237	423.7677	0
165.3	53.19255	424.7847	0
165.4	53.00283	425.8141	0
165.5	52.80421	426.8567	0
165.6	52.59773	427.9131	0
165.7	52.38445	428.984	0
165.8	52.16548	430.0698	0
165.9	51.94202	431.171	0
166	51.71528	432.2878	0
166.1	51.4865	433.4204	0
166.2	51.25694	434.5689	0
166.3	51.02784	435.7332	0
166.4	50.8005	436.9131	0
166.5	50.57621	438.1086	0
166.6	50.35625	439.3192	0
166.7	50.14188	440.5445	0
166.8	49.93431	441.7839	0
166.9	49.73476	443.0367	0
167	49.54438	444.3023	0
167.1	49.36429	445.5797	0
167.2	49.19549	446.8681	0
167.3	49.03894	448.1664	0
167.4	48.89557	449.4736	0
167.5	48.76614	450.7885	0
167.6	48.6513	452.1099	0
167.7	48.55164	453.4364	0
167.8	48.46765	454.767	0
167.9	48.39966	456.1002	0
168	48.34783	457.4342	0
168.1	48.31227	458.7682	0
168.2	48.29296	460.1007	0
168.3	48.2897	461.4303	0
168.4	48.30214	462.7557	0
168.5	48.32986	464.0756	0
168.6	48.37233	465.3886	0
168.7	48.42881	466.6936	0
168.8	48.4985	467.9894	0
168.9	48.58051	469.2751	0
169	48.67385	470.5496	0
169.1	48.77741	471.8121	0
169.2	48.89005	473.0617	0
169.3	49.01055	474.2979	0
169.4	49.13765	475.52	0
169.5	49.27001	476.7276	0
169.6	49.40633	477.9203	0
169.7	49.54527	479.0978	0
169.8	49.68546	480.2602	0
169.9	49.82559	481.4074	0
170	49.96432	482.5395	0
170.1	50.10039	483.6567	0
170.2	50.23256	484.7593	0
170.3	50.35962	485.8477	0
170.4	50.48043	486.9224	0
170.5	50.59391	487.9839	0
170.6	50.69907	489.0331	0
170.7	50.79496	490.0705	0
170.8	50.88071	491.097	0
170.9	50.95555	492.1136	0
171	51.01881	493.1212	0
171.1	51.06987	494.1206	0
171.2	51.10821	495.1132	0
171.3	51.1334	496.0997	0
171.4	51.14509	497.0815	0
171.5	51.14304	498.0598	0
171.6	51.12711	499.0355	0
171.7	51.0972	500.0104	0
171.8	51.05335	500.9853	0
171.9	50.99567	501.9608	0
172	50.92433	502.9385	0
172.1	50.83962	503.9196	0
172.2	50.74191	504.9054	0
172.3	50.63162	505.8967	0
172.4	50.50927	506.8946	0
172.5	50.37543	507.9003	0
172.6	50.23076	508.9145	0
172.7	50.07593	509.9382	0
172.8	49.91176	510.9721	0
172.9	49.73908	512.0172	0
173	49.55877	513.074	0
173.1	49.37172	514.1429	0
173.2	49.17891	515.2247	0
173.3	48.98137	516.3198	0
173.4	48.78016	517.4282	0
173.5	48.57632	518.5504	0
173.6	48.37091	519.6863	0
173.7	48.16509	520.8365	0
173.8	47.95992	522.0004	0
173.9	47.75659	523.178	0
174	47.55618	524.3691	0
174.1	47.35981	525.5735	0
174.2	47.16856	526.7906	0
174.3	46.98354	528.02	0
174.4	46.80577	529.2609	0
174.5	46.63621	530.5129	0
174.6	46.47579	531.7751	0
174.7	46.32543	533.0468	0
174.8	46.18595	534.327	0
174.9	46.05808	535.6147	0
175	45.94245	536.9089	0
175.1	45.83963	538.2087	0
175.2	45.75013	539.5128	0
175.3	45.67429	540.8203	0
175.4	45.61235	542.1292	0
175.5	45.5645	543.4405	0
175.6	45.53079	544.7507	0
175.7	45.51114	546.059	0
175.8	45.50534	547.3646	0
175.9	45.51315	548.6662	0
176	45.53416	549.9631	0
176.1	45.56785	551.2537	0
176.2	45.61358	552.5374	0
176.3	45.67069	553.8128	0
176.4	45.73839	555.0793	0
176.5	45.81578	556.336	0
176.6	45.90199	557.5821	0
176.7	45.99596	558.817	0
176.8	46.09669	560.04	0
176.9	46.20304	561.2509	0
177	46.3139	562.4489	0
177.1	46.4281	563.634	0
177.2	46.54448	564.8059	0
177.3	46.66188	565.9645	0
177.4	46.77913	567.1098	0
177.5	46.89511	568.2418	0
177.6	47.0087	569.361	0
177.7	47.11879	570.4673	0
177.8	47.22435	571.5612	0
177.9	47.32441	572.6431	0
178	47.41801	573.7136	0
178.1	47.5043	574.7733	0
178.2	47.58243	575.8228	0
178.3	47.65168	576.8628	0
178.4	47.71139	577.8943	0
178.5	47.76091	578.9177	0
178.6	47.79972	579.9344	0
178.7	47.82737	580.9449	0
178.8	47.8435	581.9506	0
178.9	47.8478	582.9519	0
179	47.84007	583.9504	0
179.1	47.82015	584.9465	0
179.2	47.788	585.9426	0
179.3	47.74364	586.9387	0
179.4	47.68716	587.9348	0
179.5	47.61873	588.9335	0
179.6	47.53862	589.9349	0
179.7	47.44714	590.9407	0
179.8	47.34469	591.9514	0
179.9	47.23171	592.968	0
180	47.10869	593.9914	0
180.1	46.97624	595.0224	0
180.2	46.83502	596.0618	0
180.3	46.6857	597.1102	0
180.4	46.52899	598.1684	0
180.5	46.36567	599.2369	0
180.6	46.19659	600.316	0
180.7	46.02259	601.4066	0
180.8	45.84459	602.5087	0
180.9	45.66348	603.6225	0
181	45.48019	604.7484	0
181.1	45.29572	605.8866	0
181.2	45.11101	607.0369	0
181.3	44.92708	608.1993	0
181.4	44.74487	609.3737	0
181.5	44.56535	610.5597	0
181.6	44.38954	611.7573	0
181.7	44.21836	612.9662	0
181.8	44.05274	614.1855	0
181.9	43.89355	615.415	0
182	43.74165	616.6541	0
182.1	43.59785	617.902	0
182.2	43.46291	619.1581	0
182.3	43.33752	620.4214	0
182.4	43.22225	621.6913	0
182.5	43.11769	622.9669	0
182.6	43.02435	624.2468	0
182.7	42.94258	625.5305	0
182.8	42.87268	626.8173	0
182.9	42.81487	628.105	0
183	42.7693	629.395	0
183.1	42.73598	630.6835	0
183.2	42.71479	631.9705	0
183.3	42.70561	633.255	0
183.4	42.70821	634.5363	0
183.5	42.7222	635.8128	0
183.6	42.74711	637.0842	0
183.7	42.78242	638.3493	0
183.8	42.82756	639.6074	0
183.9	42.88182	640.8577	0
184	42.94443	642.0994	0
184.1	43.0146	643.3318	0
184.2	43.09147	644.5544	0
184.3	43.17412	645.7668	0
184.4	43.26159	646.9683	0
184.5	43.35293	648.1589	0
184.6	43.44717	649.3382	0
184.7	43.54328	650.506	0
184.8	43.64025	651.6622	0
184.9	43.73711	652.8068	0
185	43.83287	653.94	0
185.1	43.92658	655.0618	0
185.2	44.01729	656.1724	0
185.3	44.10411	657.2723	0
185.4	44.18616	658.3617	0
185.5	44.26264	659.4411	0
185.6	44.33276	660.5111	0
185.7	44.39578	661.5723	0
185.8	44.45108	662.6253	0
185.9	44.49805	663.6705	0
186	44.53615	664.709	0
186.1	44.56494	665.7415	0
186.2	44.58397	666.7689	0
186.3	44.59293	667.7915	0
186.4	44.59157	668.8107	0
186.5	44.57969	669.8277	0
186.6	44.55715	670.8419	0
186.7	44.52393	671.8561	0
186.8	44.48003	672.8703	0
186.9	44.42553	673.8845	0
187	44.3606	674.9017	0
187.1	44.28546	675.9213	0
187.2	44.20041	676.9443	0
187.3	44.1058	677.972	0
187.4	44.00191	679.0047	0
187.5	43.88929	680.0434	0
187.6	43.76844	681.0886	0
187.7	43.63992	682.1415	0
187.8	43.50432	683.2021	0
187.9	43.36227	684.2711	0
188	43.21449	685.3494	0
188.1	43.0617	686.437	0
188.2	42.90466	687.5344	0
188.3	42.74414	688.6419	0
188.4	42.58096	689.7599	0
188.5	42.41596	690.8882	0
188.6	42.25	692.0273	0
188.7	42.0839	693.1768	0
188.8	41.91855	694.3371	0
188.9	41.75479	695.5078	0
189	41.59348	696.6888	0
189.1	41.43547	697.8798	0
189.2	41.28157	699.0804	0
189.3	41.13257	700.2902	0
189.4	40.98923	701.509	0
189.5	40.85231	702.7358	0
189.6	40.72249	703.9706	0
189.7	40.60042	705.2123	0
189.8	40.48666	706.4604	0
189.9	40.38175	707.714	0
190	40.28622	708.9725	0
190.1	40.20037	710.2347	0
190.2	40.12457	711.5005	0
190.3	40.05906	712.7689	0
190.4	40.00405	714.0377	0
190.5	39.95962	715.3065	0
190.6	39.92577	716.5752	0
190.7	39.90244	717.8439	0
190.8	39.88952	719.1099	0
190.9	39.88678	720.3732	0
191	39.89389	721.6324	0
191.1	39.91046	722.8873	0
191.2	39.93604	724.1366	0
191.3	39.97012	725.3799	0
191.4	40.01209	726.616	0
191.5	40.06132	727.845	0
191.6	40.11711	729.0657	0
191.7	40.17872	730.2781	0
191.8	40.24533	731.4816	0
191.9	40.31618	732.6757	0
192	40.39042	733.8602	0
192.1	40.46719	735.0349	0
192.2	40.54562	736.1995	0
192.3	40.62481	737.3542	0
192.4	40.70393	738.4988	0
192.5	40.78213	739.6332	0
192.6	40.85859	740.7578	0
192.7	40.93246	741.8727	0
192.8	41.00299	742.9783	0
192.9	41.0694	744.0747	0
193	41.13097	745.1624	0
193.1	41.18702	746.2419	0
193.2	41.23694	747.3137	0
193.3	41.28014	748.3783	0
193.4	41.31611	749.4363	0
193.5	41.34436	750.4882	0
193.6	41.36448	751.5348	0
193.7	41.37613	752.5771	0
193.8	41.37902	753.6153	0
193.9	41.37291	754.6506	0
194	41.35764	755.683	0
194.1	41.33309	756.7151	0
194.2	41.29921	757.7445	0
194.3	41.25599	758.774	0
194.4	41.20354	759.8063	0
194.5	41.14202	760.839	0
194.6	41.07157	761.8744	0
194.7	40.99244	762.9131	0
194.8	40.90491	763.9556	0
194.9	40.80937	765.0023	0
195	40.7062	766.0543	0
195.1	40.59584	767.1122	0
195.2	40.47879	768.1766	0
195.3	40.35555	769.2479	0
195.4	40.22671	770.3264	0
195.5	40.09288	771.413	0
195.6	39.9547	772.5077	0
195.7	39.81281	773.6109	0
195.8	39.66791	774.723	0
195.9	39.52073	775.8441	0
196	39.37197	776.9744	0
196.1	39.22238	778.114	0
196.2	39.07267	779.2627	0
196.3	38.92363	780.4207	0
196.4	38.77597	781.5878	0
196.5	38.63047	782.7639	0
196.6	38.48785	783.9485	0
196.7	38.34882	785.1417	0
196.8	38.21407	786.343	0
196.9	38.08428	787.5518	0
197	37.96007	788.768	0
197.1	37.84201	789.9908	0
197.2	37.73067	791.2198	0
197.3	37.62654	792.454	0
197.4	37.53011	793.6936	0
197.5	37.44178	794.9371	0
197.6	37.36185	796.1841	0
197.7	37.29063	797.4341	0
197.8	37.22836	798.6858	0
197.9	37.17516	799.9394	0
198	37.13111	801.193	0
198.1	37.09621	802.4466	0
198.2	37.07046	803.6991	0
198.3	37.05369	804.9496	0
198.4	37.04572	806.1974	0
198.5	37.04631	807.442	0
198.6	37.05514	808.6823	0
198.7	37.0718	809.9183	0
198.8	37.09582	811.149	0
198.9	37.12671	812.3737	0
199	37.16393	813.5919	0
199.1	37.20688	814.8032	0
199.2	37.25491	816.0073	0
199.3	37.30735	817.2034	0
199.4	37.3635	818.3915	0
199.5	37.42263	819.5714	0
199.6	37.48402	820.7427	0
199.7	37.5469	821.9053	0
199.8	37.61054	823.059	0
199.9	37.67418	824.2041	0
200	37.73709	825.3405	0
200.1	37.79852	826.4683	0
200.2	37.85779	827.5876	0
200.3	37.91421	828.6987	0
200.4	37.96711	829.8018	0
200.5	38.01587	830.8973	0
200.6	38.05989	831.9857	0
200.7	38.09865	833.0672	0
200.8	38.13163	834.1424	0
200.9	38.15835	835.2119	0
201	38.1784	836.2761	0
201.1	38.19143	837.3356	0
201.2	38.1971	838.391	0
201.3	38.19515	839.4431	0
201.4	38.18537	840.4925	0
201.5	38.16761	841.54	0
201.6	38.14176	842.5856	0
201.7	38.10776	843.63	0
201.8	38.06562	844.6744	0
201.9	38.01541	845.72	0
202	37.95725	846.7675	0
202.1	37.89128	847.8168	0
202.2	37.81771	848.8688	0
202.3	37.7368	849.9239	0
202.4	37.64886	850.9829	0
202.5	37.55422	852.0467	0
202.6	37.45327	853.1154	0
202.7	37.34643	854.1896	0
202.8	37.23419	855.2699	0
202.9	37.11703	856.3566	0
203	36.9955	857.45	0
203.1	36.87014	858.5507	0
203.2	36.74155	859.6588	0
203.3	36.61034	860.7745	0
203.4	36.4771	861.898	0
203.5	36.34252	863.0297	0
203.6	36.20718	864.1694	0
203.7	36.07175	865.3171	0
203.8	35.9369	866.4728	0
203.9	35.80325	867.6365	0
204	35.67147	868.808	0
204.1	35.54218	869.9871	0
204.2	35.416	871.1736	0
204.3	35.29355	872.367	0
204.4	35.17542	873.5671	0
204.5	35.06213	874.7735	0
204.6	34.95421	875.9858	0
204.7	34.85214	877.2034	0
204.8	34.75636	878.4257	0
204.9	34.66724	879.6525	0
205	34.58513	880.8829	0
205.1	34.51032	882.1163	0
205.2	34.44307	883.3517	0
205.3	34.38356	884.59	0
205.4	34.33191	885.8285	0
205.5	34.28817	887.0669	0
205.6	34.2524	888.3053	0
205.7	34.22453	889.5437	0
205.8	34.20446	890.78	0
205.9	34.19199	892.0144	0
206	34.18696	893.2458	0
206.1	34.18907	894.4738	0
206.2	34.19795	895.6981	0
206.3	34.21321	896.9173	0
206.4	34.23445	898.1317	0
206.5	34.26118	899.3406	0
206.6	34.29288	900.5434	0
206.7	34.329	901.7397	0
206.8	34.36898	902.9295	0
206.9	34.41224	904.1124	0
207	34.45813	905.2878	0
207.1	34.50602	906.456	0
207.2	34.55528	907.6166	0
207.3	34.60527	908.7697	0
207.4	34.65535	909.915	0
207.5	34.70483	911.0529	0
207.6	34.75308	912.183	0
207.7	34.79951	913.3061	0
207.8	34.84349	914.4221	0
207.9	34.88445	915.5308	0
208	34.92186	916.6331	0
208.1	34.95522	917.7291	0
208.2	34.98404	918.8192	0
208.3	35.00785	919.9038	0
208.4	35.02627	920.9832	0
208.5	35.03891	922.0582	0
208.6	35.04548	923.1288	0
208.7	35.04568	924.1961	0
208.8	35.03929	925.2604	0
208.9	35.02611	926.3226	0
209	35.006	927.3821	0
209.1	34.97887	928.4417	0
209.2	34.94466	929.5001	0
209.3	34.90336	930.5578	0
209.4	34.85504	931.6174	0
209.5	34.79978	932.677	0
209.6	34.7377	933.7387	0
209.7	34.669	934.8024	0
209.8	34.5939	935.8691	0
209.9	34.51263	936.9391	0
210	34.4255	938.0128	0
210.1	34.33284	939.0912	0
210.2	34.23506	940.1741	0
210.3	34.13255	941.2624	0
210.4	34.02574	942.3563	0
210.5	33.91508	943.4561	0
210.6	33.80109	944.5619	0
210.7	33.68426	945.6743	0
210.8	33.56513	946.7935	0
210.9	33.44424	947.9194	0
211	33.32212	949.0522	0
211.1	33.19933	950.192	0
211.2	33.07646	951.3389	0
211.3	32.95409	952.4927	0
211.4	32.83276	953.6533	0
211.5	32.71304	954.8209	0
211.6	32.59547	955.9951	0
211.7	32.48059	957.1756	0
211.8	32.36893	958.3622	0
211.9	32.26098	959.5546	0
212	32.15722	960.7524	0
212.1	32.05811	961.9557	0
212.2	31.96403	963.1631	0
212.3	31.87539	964.3752	0
212.4	31.79249	965.5909	0
212.5	31.71566	966.8098	0
212.6	31.64514	968.0312	0
212.7	31.58117	969.2545	0
212.8	31.52388	970.4802	0
212.9	31.47338	971.7065	0
213	31.42975	972.9329	0
213.1	31.39299	974.1591	0
213.2	31.36305	975.3854	0
213.3	31.33985	976.6096	0
213.4	31.32327	977.8325	0
213.5	31.31313	979.0527	0
213.6	31.30918	980.2699	0
213.7	31.31112	981.4835	0
213.8	31.31862	982.6932	0
213.9	31.33134	983.8989	0
214	31.34886	985.0995	0
214.1	31.37073	986.295	0
214.2	31.39649	987.485	0
214.3	31.42566	988.6693	0
214.4	31.45771	989.8475	0
214.5	31.4921	991.0195	0
214.6	31.52827	992.1851	0
214.7	31.5657	993.3441	0
214.8	31.60381	994.4966	0
214.9	31.64204	995.6423	0
215	31.67983	996.7815	0
215.1	31.71662	997.9141	0
215.2	31.75187	999.0405	0
215.3	31.78505	1000.161	0
215.4	31.81566	1001.275	0
215.5	31.84326	1002.383	0
215.6	31.86738	1003.486	0
215.7	31.88761	1004.583	0
215.8	31.90353	1005.676	0
215.9	31.91483	1006.764	0
216	31.92114	1007.849	0
216.1	31.92219	1008.93	0
216.2	31.91772	1010.007	0
216.3	31.90753	1011.082	0
216.4	31.89145	1012.155	0
216.5	31.86935	1013.226	0
216.6	31.84113	1014.296	0
216.7	31.80673	1015.365	0
216.8	31.76618	1016.433	0
216.9	31.71951	1017.502	0
217	31.66679	1018.573	0
217.1	31.60815	1019.645	0
217.2	31.54372	1020.72	0
217.3	31.47369	1021.796	0
217.4	31.39829	1022.876	0
217.5	31.31777	1023.959	0
217.6	31.23246	1025.045	0
217.7	31.14267	1026.136	0
217.8	31.04875	1027.231	0
217.9	30.95106	1028.331	0
218	30.85001	1029.436	0
218.1	30.74603	1030.546	0
218.2	30.63956	1031.662	0
218.3	30.53103	1032.784	0
218.4	30.42094	1033.912	0
218.5	30.30976	1035.046	0
218.6	30.198	1036.186	0
218.7	30.08612	1037.332	0
218.8	29.97464	1038.484	0
218.9	29.86402	1039.642	0
219	29.75477	1040.806	0
219.1	29.64737	1041.976	0
219.2	29.54229	1043.151	0
219.3	29.44001	1044.331	0
219.4	29.34096	1045.517	0
219.5	29.24553	1046.707	0
219.6	29.15412	1047.902	0
219.7	29.06709	1049.101	0
219.8	28.98481	1050.303	0
219.9	28.90749	1051.51	0
220	28.83543	1052.718	0
220.1	28.76885	1053.929	0
220.2	28.70794	1055.143	0
220.3	28.65279	1056.357	0
220.4	28.6035	1057.571	0
220.5	28.56017	1058.785	0
220.6	28.52279	1059.999	0
220.7	28.49129	1061.214	0
220.8	28.4656	1062.428	0
220.9	28.44561	1063.642	0
221	28.43113	1064.85	0
221.1	28.42191	1066.058	0
221.2	28.41773	1067.262	0
221.3	28.41835	1068.464	0
221.4	28.42346	1069.661	0
221.5	28.43271	1070.855	0
221.6	28.44572	1072.044	0
221.7	28.46213	1073.228	0
221.8	28.48146	1074.407	0
221.9	28.50329	1075.581	0
222	28.52717	1076.75	0
222.1	28.55266	1077.913	0
222.2	28.57928	1079.071	0
222.3	28.60653	1080.223	0
222.4	28.63392	1081.369	0
222.5	28.66096	1082.51	0
222.6	28.68716	1083.645	0
222.7	28.71206	1084.775	0
222.8	28.7352	1085.898	0
222.9	28.75616	1087.017	0
223	28.77454	1088.131	0
223.1	28.78994	1089.24	0
223.2	28.80202	1090.345	0
223.3	28.81043	1091.445	0
223.4	28.81493	1092.542	0
223.5	28.81517	1093.635	0
223.6	28.81093	1094.725	0
223.7	28.80195	1095.812	0
223.8	28.78805	1096.899	0
223.9	28.76913	1097.98	0
224	28.74506	1099.061	0
224.1	28.71577	1100.141	0
224.2	28.6812	1101.222	0
224.3	28.64133	1102.303	0
224.4	28.59618	1103.384	0
224.5	28.54579	1104.464	0
224.6	28.49022	1105.545	0
224.7	28.42964	1106.629	0
224.8	28.36427	1107.716	0
224.9	28.29424	1108.803	0
225	28.21981	1109.896	0
225.1	28.14121	1110.989	0
225.2	28.05871	1112.088	0
225.3	27.97262	1113.19	0
225.4	27.88329	1114.295	0
225.5	27.79106	1115.406	0
225.6	27.69628	1116.521	0
225.7	27.59934	1117.641	0
225.8	27.50062	1118.765	0
225.9	27.40055	1119.895	0
226	27.29954	1121.03	0
226.1	27.198	1122.17	0
226.2	27.09636	1123.316	0
226.3	26.99499	1124.467	0
226.4	26.8943	1125.622	0
226.5	26.79473	1126.783	0
226.6	26.6967	1127.948	0
226.7	26.60062	1129.12	0
226.8	26.50689	1130.295	0
226.9	26.4159	1131.474	0
227	26.32805	1132.658	0
227.1	26.2436	1133.845	0
227.2	26.16288	1135.035	0
227.3	26.08612	1136.231	0
227.4	26.01362	1137.427	0
227.5	25.94563	1138.627	0
227.6	25.88231	1139.829	0
227.7	25.82379	1141.031	0
227.8	25.77018	1142.233	0
227.9	25.72162	1143.44	0
228	25.67823	1144.648	0
228.1	25.64	1145.856	0
228.2	25.60687	1147.062	0
228.3	25.57875	1148.264	0
228.4	25.55554	1149.466	0
228.5	25.53705	1150.668	0
228.6	25.52315	1151.867	0
228.7	25.51356	1153.063	0
228.8	25.5081	1154.258	0
228.9	25.5065	1155.448	0
229	25.50852	1156.635	0
229.1	25.51382	1157.818	0
229.2	25.52212	1158.997	0
229.3	25.53299	1160.172	0
229.4	25.54605	1161.343	0
229.5	25.5609	1162.509	0
229.6	25.57716	1163.67	0
229.7	25.59441	1164.826	0
229.8	25.6123	1165.978	0
229.9	25.63041	1167.125	0
230	25.64837	1168.266	0
230.1	25.66576	1169.403	0
230.2	25.68216	1170.535	0
230.3	25.69719	1171.662	0
230.4	25.71049	1172.786	0
230.5	25.72167	1173.903	0
230.6	25.73043	1175.018	0
230.7	25.73639	1176.129	0
230.8	25.73927	1177.234	0
230.9	25.73877	1178.338	0
231	25.73463	1179.437	0
231.1	25.72665	1180.536	0
231.2	25.71462	1181.629	0
231.3	25.69839	1182.722	0
231.4	25.67783	1183.815	0
231.5	25.65282	1184.904	0
231.6	25.62321	1185.991	0
231.7	25.58896	1187.078	0
231.8	25.55004	1188.164	0
231.9	25.50649	1189.251	0
232	25.45832	1190.338	0
232.1	25.40559	1191.427	0
232.2	25.34845	1192.52	0
232.3	25.28706	1193.613	0
232.4	25.22156	1194.706	0
232.5	25.15218	1195.805	0
232.6	25.07914	1196.904	0
232.7	25.00264	1198.009	0
232.8	24.92291	1199.114	0
232.9	24.84027	1200.225	0
233	24.75504	1201.339	0
233.1	24.66753	1202.456	0
233.2	24.57807	1203.579	0
233.3	24.487	1204.705	0
233.4	24.39463	1205.835	0
233.5	24.30135	1206.971	0
233.6	24.20756	1208.111	0
233.7	24.11362	1209.255	0
233.8	24.01992	1210.403	0
233.9	23.92684	1211.557	0
234	23.83473	1212.715	0
234.1	23.744	1213.878	0
234.2	23.65497	1215.043	0
234.3	23.56796	1216.215	0
234.4	23.48327	1217.389	0
234.5	23.40123	1218.567	0
234.6	23.3221	1219.748	0
234.7	23.24618	1220.932	0
234.8	23.17374	1222.12	0
234.9	23.10505	1223.31	0
235	23.04022	1224.5	0
235.1	22.97942	1225.696	0
235.2	22.92281	1226.892	0
235.3	22.87047	1228.088	0
235.4	22.82249	1229.284	0
235.5	22.77892	1230.479	0
235.6	22.73977	1231.675	0
235.7	22.70497	1232.871	0
235.8	22.67448	1234.067	0
235.9	22.6482	1235.263	0
236	22.62602	1236.459	0
236.1	22.60781	1237.65	0
236.2	22.59338	1238.84	0
236.3	22.58252	1240.029	0
236.4	22.575	1241.212	0
236.5	22.57065	1242.396	0
236.6	22.56922	1243.573	0
236.7	22.57045	1244.749	0
236.8	22.57399	1245.921	0
236.9	22.57956	1247.089	0
237	22.58683	1248.253	0
237.1	22.59544	1249.413	0
237.2	22.60504	1250.568	0
237.3	22.61525	1251.72	0
237.4	22.6257	1252.868	0
237.5	22.63605	1254.01	0
237.6	22.64592	1255.149	0
237.7	22.65497	1256.284	0
237.8	22.66287	1257.414	0
237.9	22.66931	1258.541	0
238	22.67393	1259.664	0
238.1	22.67642	1260.782	0
238.2	22.67652	1261.9	0
238.3	22.67397	1263.011	0
238.4	22.66854	1264.122	0
238.5	22.66	1265.227	0
238.6	22.64818	1266.332	0
238.7	22.63292	1267.434	0
238.8	22.61404	1268.533	0
238.9	22.59146	1269.632	0
239	22.56505	1270.731	0
239.1	22.53472	1271.83	0
239.2	22.50041	1272.929	0
239.3	22.46208	1274.024	0
239.4	22.41971	1275.122	0
239.5	22.37338	1276.221	0
239.6	22.32314	1277.32	0
239.7	22.26907	1278.419	0
239.8	22.21132	1279.518	0
239.9	22.15002	1280.619	0
240	22.08537	1281.724	0
240.1	22.01755	1282.829	0
240.2	21.94672	1283.938	0
240.3	21.87312	1285.049	0
240.4	21.79696	1286.164	0
240.5	21.71849	1287.281	0
240.6	21.63799	1288.403	0
240.7	21.55578	1289.526	0
240.8	21.47215	1290.655	0
240.9	21.38742	1291.787	0
241	21.30191	1292.923	0
241.1	21.21589	1294.063	0
241.2	21.12965	1295.207	0
241.3	21.04357	1296.354	0
241.4	20.95793	1297.506	0
241.5	20.87306	1298.661	0
241.6	20.78926	1299.82	0
241.7	20.70683	1300.983	0
241.8	20.62606	1302.149	0
241.9	20.54726	1303.319	0
242	20.47071	1304.491	0
242.1	20.39664	1305.667	0
242.2	20.32535	1306.845	0
242.3	20.25697	1308.026	0
242.4	20.19175	1309.21	0
242.5	20.12976	1310.394	0
242.6	20.07115	1311.58	0
242.7	20.01614	1312.77	0
242.8	19.96481	1313.959	0
242.9	19.91723	1315.149	0
243	19.87346	1316.339	0
243.1	19.83352	1317.529	0
243.2	19.79736	1318.719	0
243.3	19.76492	1319.909	0
243.4	19.73613	1321.099	0
243.5	19.7109	1322.288	0
243.6	19.68911	1323.472	0
243.7	19.67059	1324.656	0
243.8	19.6552	1325.839	0
243.9	19.64271	1327.017	0
244	19.63292	1328.195	0
244.1	19.62568	1329.37	0
244.2	19.62073	1330.541	0
244.3	19.61786	1331.71	0
244.4	19.61679	1332.875	0
244.5	19.61726	1334.037	0
244.6	19.61895	1335.196	0
244.7	19.62155	1336.35	0
244.8	19.62476	1337.502	0
244.9	19.62825	1338.649	0
245	19.63171	1339.793	0
245.1	19.63484	1340.934	0
245.2	19.63735	1342.07	0
245.3	19.63898	1343.203	0
245.4	19.63943	1344.332	0
245.5	19.63842	1345.459	0
245.6	19.63564	1346.582	0
245.7	19.6309	1347.702	0
245.8	19.62393	1348.819	0
245.9	19.61455	1349.935	0
246	19.60253	1351.046	0
246.1	19.58774	1352.157	0
246.2	19.57006	1353.265	0
246.3	19.54931	1354.37	0
246.4	19.52534	1355.475	0
246.5	19.49804	1356.58	0
246.6	19.46736	1357.685	0
246.7	19.43323	1358.79	0
246.8	19.3956	1359.895	0
246.9	19.35445	1361	0
247	19.30982	1362.105	0
247.1	19.26177	1363.21	0
247.2	19.21034	1364.315	0
247.3	19.15567	1365.42	0
247.4	19.09789	1366.525	0
247.5	19.03712	1367.635	0
247.6	18.97356	1368.746	0
247.7	18.90736	1369.857	0
247.8	18.8387	1370.973	0
247.9	18.76781	1372.09	0
248	18.69485	1373.211	0
248.1	18.62008	1374.334	0
248.2	18.54369	1375.461	0
248.3	18.46597	1376.59	0
248.4	18.38721	1377.723	0
248.5	18.30768	1378.859	0
248.6	18.22768	1379.999	0
248.7	18.14746	1381.141	0
248.8	18.06736	1382.289	0
248.9	17.98767	1383.438	0
249	17.90867	1384.591	0
249.1	17.8306	1385.748	0
249.2	17.75376	1386.907	0
249.3	17.67838	1388.07	0
249.4	17.60476	1389.236	0
249.5	17.53303	1390.403	0
249.6	17.46342	1391.575	0
249.7	17.39611	1392.747	0
249.8	17.33126	1393.924	0
249.9	17.26906	1395.101	0
250	17.20965	1396.279	0
250.1	17.15316	1397.458	0
250.2	17.09977	1398.642	0
250.3	17.04956	1399.826	0
250.4	17.00258	1401.01	0
250.5	16.95891	1402.194	0
250.6	16.91855	1403.378	0
250.7	16.88145	1404.562	0
250.8	16.84753	1405.745	0
250.9	16.81676	1406.929	0
251	16.78907	1408.113	0
251.1	16.76435	1409.291	0
251.2	16.74243	1410.469	0
251.3	16.72319	1411.647	0
251.4	16.7065	1412.823	0
251.5	16.69213	1413.995	0
251.6	16.67988	1415.166	0
251.7	16.6696	1416.334	0
251.8	16.66108	1417.499	0
251.9	16.65416	1418.663	0
252	16.64857	1419.822	0
252.1	16.64408	1420.98	0
252.2	16.64043	1422.133	0
252.3	16.6374	1423.284	0
252.4	16.63469	1424.432	0
252.5	16.63206	1425.577	0
252.6	16.62921	1426.718	0
252.7	16.62592	1427.856	0
252.8	16.62191	1428.991	0
252.9	16.61696	1430.124	0
253	16.61079	1431.253	0
253.1	16.60323	1432.38	0
253.2	16.59402	1433.503	0
253.3	16.583	1434.626	0
253.4	16.56997	1435.744	0
253.5	16.55473	1436.861	0
253.6	16.53721	1437.978	0
253.7	16.51722	1439.09	0
253.8	16.49455	1440.201	0
253.9	16.46911	1441.312	0
254	16.4408	1442.423	0
254.1	16.40957	1443.534	0
254.2	16.37534	1444.645	0
254.3	16.33805	1445.751	0
254.4	16.29767	1446.856	0
254.5	16.25425	1447.967	0
254.6	16.20785	1449.078	0
254.7	16.15848	1450.189	0
254.8	16.10625	1451.3	0
254.9	16.05131	1452.411	0
255	15.99378	1453.522	0
255.1	15.93376	1454.638	0
255.2	15.87146	1455.755	0
255.3	15.807	1456.873	0
255.4	15.74057	1457.995	0
255.5	15.67238	1459.118	0
255.6	15.60259	1460.243	0
255.7	15.53142	1461.372	0
255.8	15.45907	1462.502	0
255.9	15.38576	1463.637	0
256	15.3117	1464.773	0
256.1	15.23711	1465.914	0
256.2	15.16223	1467.055	0
256.3	15.0873	1468.202	0
256.4	15.01256	1469.35	0
256.5	14.93821	1470.502	0
256.6	14.86451	1471.656	0
256.7	14.79167	1472.814	0
256.8	14.71994	1473.974	0
256.9	14.64952	1475.136	0
257	14.58066	1476.302	0
257.1	14.51352	1477.467	0
257.2	14.44833	1478.638	0
257.3	14.38527	1479.81	0
257.4	14.32448	1480.982	0
257.5	14.26611	1482.157	0
257.6	14.21036	1483.335	0
257.7	14.15732	1484.513	0
257.8	14.10706	1485.691	0
257.9	14.05966	1486.869	0
258	14.01519	1488.046	0
258.1	13.97365	1489.224	0
258.2	13.93498	1490.402	0
258.3	13.89913	1491.58	0
258.4	13.86607	1492.757	0
258.5	13.83575	1493.935	0
258.6	13.80809	1495.113	0
258.7	13.78301	1496.291	0
258.8	13.76041	1497.464	0
258.9	13.74013	1498.636	0
259	13.72203	1499.808	0
259.1	13.70594	1500.978	0
259.2	13.69163	1502.143	0
259.3	13.67896	1503.309	0
259.4	13.66779	1504.471	0
259.5	13.65787	1505.63	0
259.6	13.64908	1506.788	0
259.7	13.64117	1507.942	0
259.8	13.63394	1509.095	0
259.9	13.62713	1510.242	0
260	13.6205	1511.39	0
260.1	13.61385	1512.532	0
260.2	13.60692	1513.673	0
260.3	13.59951	1514.81	0
260.4	13.59139	1515.946	0
260.5	13.58235	1517.078	0
260.6	13.57216	1518.207	0
260.7	13.56063	1519.337	0
260.8	13.54755	1520.46	0
260.9	13.53277	1521.583	0
261	13.51617	1522.706	0
261.1	13.49754	1523.823	0
261.2	13.4767	1524.94	0
261.3	13.45352	1526.057	0
261.4	13.4279	1527.174	0
261.5	13.39973	1528.286	0
261.6	13.36888	1529.397	0
261.7	13.33533	1530.508	0
261.8	13.29905	1531.619	0
261.9	13.26003	1532.73	0
262	13.21827	1533.842	0
262.1	13.17377	1534.953	0
262.2	13.12657	1536.064	0
262.3	13.0767	1537.175	0
262.4	13.0243	1538.292	0
262.5	12.96952	1539.409	0
262.6	12.91249	1540.526	0
262.7	12.85332	1541.643	0
262.8	12.79218	1542.765	0
262.9	12.72925	1543.888	0
263	12.66465	1545.011	0
263.1	12.59856	1546.139	0
263.2	12.53119	1547.268	0
263.3	12.46267	1548.399	0
263.4	12.39324	1549.534	0
263.5	12.32307	1550.669	0
263.6	12.25238	1551.809	0
263.7	12.18139	1552.951	0
263.8	12.11028	1554.095	0
263.9	12.03931	1555.243	0
264	11.96866	1556.392	0
264.1	11.8986	1557.545	0
264.2	11.82931	1558.699	0
264.3	11.76097	1559.857	0
264.4	11.69379	1561.017	0
264.5	11.62792	1562.177	0
264.6	11.56361	1563.343	0
264.7	11.501	1564.508	0
264.8	11.44024	1565.674	0
264.9	11.38148	1566.845	0
265	11.3249	1568.017	0
265.1	11.27058	1569.189	0
265.2	11.21862	1570.36	0
265.3	11.16906	1571.532	0
265.4	11.12201	1572.706	0
265.5	11.0776	1573.884	0
265.6	11.0358	1575.061	0
265.7	10.99656	1576.239	0
265.8	10.95986	1577.417	0
265.9	10.9257	1578.591	0
266	10.89393	1579.763	0
266.1	10.86451	1580.934	0
266.2	10.83734	1582.106	0
266.3	10.81235	1583.278	0
266.4	10.78942	1584.449	0
266.5	10.76841	1585.615	0
266.6	10.74915	1586.781	0
266.7	10.73153	1587.947	0
266.8	10.71536	1589.109	0
266.9	10.70044	1590.268	0
267	10.68662	1591.428	0
267.1	10.67373	1592.582	0
267.2	10.66157	1593.736	0
267.3	10.65001	1594.888	0
267.4	10.6388	1596.035	0
267.5	10.62782	1597.183	0
267.6	10.6169	1598.326	0
267.7	10.60583	1599.467	0
267.8	10.59441	1600.607	0
267.9	10.58245	1601.742	0
268	10.56981	1602.878	0
268.1	10.55632	1604.009	0
268.2	10.54172	1605.138	0
268.3	10.52586	1606.268	0
268.4	10.50855	1607.393	0
268.5	10.48961	1608.516	0
268.6	10.46889	1609.639	0
268.7	10.44625	1610.762	0
268.8	10.42154	1611.88	0
268.9	10.39465	1612.997	0
269	10.36551	1614.114	0
269.1	10.33404	1615.231	0
269.2	10.3002	1616.349	0
269.3	10.26402	1617.466	0
269.4	10.22545	1618.583	0
269.5	10.18444	1619.7	0
269.6	10.14107	1620.817	0
269.7	10.09535	1621.934	0
269.8	10.0473	1623.052	0
269.9	9.996993	1624.169	0
270	9.944521	1625.286	0
270.1	9.890012	1626.406	0
270.2	9.833632	1627.529	0
270.3	9.775491	1628.652	0
270.4	9.715705	1629.775	0
270.5	9.654408	1630.902	0
270.6	9.591792	1632.032	0
270.7	9.527986	1633.161	0
270.8	9.463145	1634.294	0
270.9	9.397472	1635.429	0
271	9.33112	1636.564	0
271.1	9.264279	1637.705	0
271.2	9.197163	1638.846	0
271.3	9.129908	1639.989	0
271.4	9.062744	1641.137	0
271.5	8.995821	1642.284	0
271.6	8.929296	1643.435	0
271.7	8.86338	1644.589	0
271.8	8.798221	1645.742	0
271.9	8.73402	1646.901	0
272	8.67099	1648.06	0
272.1	8.609247	1649.22	0
272.2	8.548944	1650.383	0
272.3	8.490251	1651.549	0
272.4	8.433287	1652.715	0
272.5	8.37816	1653.88	0
272.6	8.324965	1655.047	0
272.7	8.27384	1656.219	0
272.8	8.22487	1657.391	0
272.9	8.178141	1658.563	0
273	8.133677	1659.734	0
273.1	8.091455	1660.906	0
273.2	8.051455	1662.078	0
273.3	8.01365	1663.25	0
273.4	7.978041	1664.421	0
273.5	7.944565	1665.593	0
273.6	7.913179	1666.765	0
273.7	7.883836	1667.936	0
273.8	7.856436	1669.102	0
273.9	7.830846	1670.267	0
274	7.806962	1671.433	0
274.1	7.784683	1672.599	0
274.2	7.763892	1673.761	0
274.3	7.744399	1674.92	0
274.4	7.726068	1676.08	0
274.5	7.708733	1677.238	0
274.6	7.692207	1678.392	0
274.7	7.676337	1679.545	0
274.8	7.660978	1680.698	0
274.9	7.645937	1681.845	0
275	7.631066	1682.992	0
275.1	7.616231	1684.138	0
275.2	7.601225	1685.279	0
275.3	7.585915	1686.42	0
275.4	7.570164	1687.559	0
275.5	7.553782	1688.694	0
275.6	7.536602	1689.83	0
275.7	7.518456	1690.963	0
275.8	7.499156	1692.092	0
275.9	7.478559	1693.222	0
276	7.456554	1694.351	0
276.1	7.43301	1695.477	0
276.2	7.407793	1696.6	0
276.3	7.380823	1697.724	0
276.4	7.352028	1698.847	0
276.5	7.321349	1699.97	0
276.6	7.288738	1701.093	0
276.7	7.254172	1702.216	0
276.8	7.217637	1703.34	0
276.9	7.179105	1704.463	0
277	7.138557	1705.586	0
277.1	7.096012	1706.709	0
277.2	7.05151	1707.832	0
277.3	7.005074	1708.956	0
277.4	6.956743	1710.079	0
277.5	6.906591	1711.202	0
277.6	6.854719	1712.325	0
277.7	6.801236	1713.448	0
277.8	6.746247	1714.576	0
277.9	6.689905	1715.705	0
278	6.632321	1716.834	0
278.1	6.573624	1717.963	0
278.2	6.513937	1719.096	0
278.3	6.453435	1720.232	0
278.4	6.392231	1721.367	0
278.5	6.33047	1722.504	0
278.6	6.268336	1723.646	0
278.7	6.205967	1724.787	0
278.8	6.14349	1725.929	0
278.9	6.081106	1727.076	0
279	6.018961	1728.224	0
279.1	5.957173	1729.371	0
279.2	5.895898	1730.524	0
279.3	5.835316	1731.678	0
279.4	5.775552	1732.831	0
279.5	5.716729	1733.987	0
279.6	5.659018	1735.146	0
279.7	5.602527	1736.306	0
279.8	5.547361	1737.465	0
279.9	5.493621	1738.625	0
280	5.441421	1739.789	0
280.1	5.390877	1740.955	0
280.2	5.342058	1742.121	0
280.3	5.295059	1743.286	0
280.4	5.249896	1744.452	0
280.5	5.206555	1745.618	0
280.6	5.16501	1746.783	0
280.7	5.12525	1747.949	0
280.8	5.087247	1749.114	0
280.9	5.050982	1750.28	0
281	5.01641	1751.446	0
281.1	4.983499	1752.611	0
281.2	4.952207	1753.777	0
281.3	4.922471	1754.943	0
281.4	4.894208	1756.104	0
281.5	4.867284	1757.264	0
281.6	4.84163	1758.423	0
281.7	4.817148	1759.583	0
281.8	4.793728	1760.742	0
281.9	4.771248	1761.897	0
282	4.749557	1763.051	0
282.1	4.728546	1764.204	0
282.2	4.708088	1765.358	0
282.3	4.688018	1766.505	0
282.4	4.66818	1767.653	0
282.5	4.648444	1768.8	0
282.6	4.628653	1769.945	0
282.7	4.608593	1771.086	0
282.8	4.588122	1772.228	0
282.9	4.567127	1773.369	0
283	4.545515	1774.506	0
283.1	4.523139	1775.641	0
283.2	4.499902	1776.777	0
283.3	4.47572	1777.912	0
283.4	4.450506	1779.045	0
283.5	4.424109	1780.174	0
283.6	4.396449	1781.303	0
283.7	4.367468	1782.433	0
283.8	4.337113	1783.562	0
283.9	4.305329	1784.691	0
284	4.272078	1785.82	0
284.1	4.23733	1786.95	0
284.2	4.20106	1788.078	0
284.3	4.163205	1789.201	0
284.4	4.123731	1790.325	0
284.5	4.08265	1791.448	0
284.6	4.039994	1792.576	0
284.7	3.995811	1793.705	0
284.8	3.950102	1794.835	0
284.9	3.902929	1795.964	0
285	3.854373	1797.093	0
285.1	3.804516	1798.223	0
285.2	3.753441	1799.352	0
285.3	3.701242	1800.481	0
285.4	3.648028	1801.613	0
285.5	3.593939	1802.749	0
285.6	3.539077	1803.884	0
285.7	3.483536	1805.019	0
285.8	3.427411	1806.155	0
285.9	3.370827	1807.295	0
286	3.313941	1808.437	0
286.1	3.25685	1809.578	0
286.2	3.199637	1810.719	0
286.3	3.142424	1811.865	0
286.4	3.085398	1813.013	0
286.5	3.028666	1814.16	0
286.6	2.972308	1815.307	0
286.7	2.916397	1816.458	0
286.8	2.861091	1817.611	0
286.9	2.8065	1818.765	0
287	2.752717	1819.918	0
287.1	2.699826	1821.072	0
287.2	2.647915	1822.228	0
287.3	2.597134	1823.387	0
287.4	2.547545	1824.547	0
287.5	2.499238	1825.706	0
287.6	2.452238	1826.866	0
287.7	2.406583	1828.026	0
287.8	2.362289	1829.185	0
287.9	2.319345	1830.345	0
288	2.27773	1831.504	0
288.1	2.23743	1832.664	0
288.2	2.198427	1833.823	0
288.3	2.160712	1834.983	0
288.4	2.124249	1836.143	0
288.5	2.089016	1837.302	0
288.6	2.054987	1838.462	0
288.7	2.02212	1839.621	0
288.8	1.99036	1840.781	0
288.9	1.959658	1841.94	0
289	1.929972	1843.099	0
289.1	1.901198	1844.253	0
289.2	1.87323	1845.406	0
289.3	1.845988	1846.56	0
289.4	1.819391	1847.714	0
289.5	1.793366	1848.867	0
289.6	1.767809	1850.017	0
289.7	1.742572	1851.165	0
289.8	1.717562	1852.312	0
289.9	1.692684	1853.46	0
290	1.667835	1854.607	0
290.1	1.642908	1855.75	0
290.2	1.617769	1856.892	0
290.3	1.592364	1858.033	0
290.4	1.566614	1859.174	0
290.5	1.540426	1860.316	0
290.6	1.51368	1861.453	0
290.7	1.486251	1862.588	0
290.8	1.458084	1863.724	0
290.9	1.429111	1864.859	0
291	1.399266	1865.994	0
291.1	1.368493	1867.13	0
291.2	1.336753	1868.265	0
291.3	1.303971	1869.396	0
291.4	1.270044	1870.525	0
291.5	1.234947	1871.654	0
291.6	1.19866	1872.784	0
291.7	1.161165	1873.913	0
291.8	1.122447	1875.042	0
291.9	1.0825	1876.171	0
292	1.041329	1877.301	0
292.1	0.9989477	1878.43	0
292.2	0.9553643	1879.559	0
292.3	0.9105684	1880.688	0
292.4	0.8645923	1881.818	0
292.5	0.8175083	1882.952	0
292.6	0.7694247	1884.087	0
292.7	0.7204061	1885.222	0
292.8	0.6705389	1886.358	0
292.9	0.6199245	1887.493	0
293	0.5686604	1888.628	0
293.1	0.5168443	1889.764	0
293.2	0.4645697	1890.904	0
293.3	0.4119533	1892.045	0
293.4	0.359083	1893.187	0
293.5	0.3060291	1894.328	0
293.6	0.2528763	1895.47	0
293.7	0.1997237	1896.613	0
293.8	0.1467329	1897.761	0
293.9	0.09399515	1898.908	0
294	0.04158598	1900.056	0
294.1	-0.01043443	1901.203	0
294.2	-0.06201123	1902.35	0
294.3	-0.1130649	1903.502	0
294.4	-0.163463	1904.656	0
294.5	-0.2131071	1905.809	0
294.6	-0.2619314	1906.963	0
294.7	-0.3098921	1908.116	0
294.8	-0.356945	1909.27	0
294.9	-0.4030863	1910.423	0
295	-0.4483038	1911.577	0
295.1	-0.4925948	1912.73	0
295.2	-0.5359542	1913.884	0
295.3	-0.5783694	1915.041	0
295.4	-0.6197874	1916.2	0
295.5	-0.6602191	1917.36	0
295.6	-0.6996422	1918.519	0
295.7	-0.7380553	1919.679	0
295.8	-0.7754933	1920.833	0
295.9	-0.8120259	1921.987	0
296	-0.8476718	1923.14	0
296.1	-0.8824847	1924.294	0
296.2	-0.9165159	1925.447	0
296.3	-0.9498066	1926.601	0
296.4	-0.9823957	1927.754	0
296.5	-1.014318	1928.908	0
296.6	-1.045635	1930.061	0
296.7	-1.076398	1931.215	0
296.8	-1.106659	1932.368	0
296.9	-1.136502	1933.516	0
297	-1.166019	1934.663	0
297.1	-1.195286	1935.811	0
297.2	-1.224387	1936.958	0
297.3	-1.253377	1938.105	0
297.4	-1.282304	1939.253	0
297.5	-1.311219	1940.398	0
297.6	-1.340237	1941.54	0
297.7	-1.369425	1942.681	0
297.8	-1.398832	1943.822	0
297.9	-1.428517	1944.964	0
298	-1.45854	1946.105	0
298.1	-1.488961	1947.246	0
298.2	-1.519845	1948.386	0
298.3	-1.55132	1949.522	0
298.4	-1.58346	1950.657	0
298.5	-1.616308	1951.792	0
298.6	-1.649901	1952.928	0
298.7	-1.684283	1954.063	0
298.8	-1.719491	1955.198	0
298.9	-1.755553	1956.334	0
299	-1.792483	1957.469	0
299.1	-1.83029	1958.604	0
299.2	-1.868983	1959.74	0
299.3	-1.908573	1960.875	0
299.4	-1.949056	1962.01	0
299.5	-1.990414	1963.146	0
299.6	-2.032638	1964.281	0
299.7	-2.075717	1965.417	0
299.8	-2.119657	1966.552	0
299.9	-2.164431	1967.687	0
300	-2.210001	1968.822	0
300.1	-2.256331	1969.958	0
300.2	-2.303371	1971.093	0
300.3	-2.351066	1972.228	0
300.4	-2.39934	1973.367	0
300.5	-2.448074	1974.508	0
300.6	-2.497203	1975.65	0
300.7	-2.546635	1976.791	0
300.8	-2.596291	1977.932	0
300.9	-2.646113	1979.074	0
301	-2.696044	1980.215	0
301.1	-2.746007	1981.358	0
301.2	-2.795851	1982.505	0
301.3	-2.845479	1983.653	0
301.4	-2.894838	1984.8	0
301.5	-2.943895	1985.947	0
301.6	-2.992627	1987.095	0
301.7	-3.040987	1988.242	0
301.8	-3.088915	1989.39	0
301.9	-3.13636	1990.539	0
302	-3.183219	1991.693	0
302.1	-3.22945	1992.846	0
302.2	-3.275036	1994	0
302.3	-3.319966	1995.153	0
302.4	-3.364227	1996.307	0
302.5	-3.407807	1997.46	0
302.6	-3.450696	1998.614	0
302.7	-3.492884	1999.767	0
302.8	-3.534387	2000.921	0
302.9	-3.575209	2002.074	0
303	-3.615328	2003.228	0
303.1	-3.654745	2004.381	0
303.2	-3.693476	2005.535	0
303.3	-3.731531	2006.688	0
303.4	-3.768915	2007.842	0
303.5	-3.805638	2008.995	0
303.6	-3.841721	2010.149	0
303.7	-3.877202	2011.302	0
303.8	-3.912097	2012.456	0
303.9	-3.946427	2013.609	0
304	-3.98022	2014.763	0
304.1	-4.013517	2015.915	0
304.2	-4.046424	2017.063	0
304.3	-4.078977	2018.21	0
304.4	-4.111224	2019.357	0
304.5	-4.143234	2020.505	0
304.6	-4.175064	2021.652	0
304.7	-4.206743	2022.8	0
304.8	-4.238303	2023.947	0
304.9	-4.269798	2025.094	0
305	-4.301312	2026.241	0
305.1	-4.33298	2027.382	0
305.2	-4.364865	2028.524	0
305.3	-4.396988	2029.665	0
305.4	-4.429371	2030.806	0
305.5	-4.462028	2031.948	0
305.6	-4.494992	2033.089	0
305.7	-4.52831	2034.23	0
305.8	-4.562048	2035.372	0
305.9	-4.596257	2036.513	0
306	-4.63095	2037.655	0
306.1	-4.666162	2038.792	0
306.2	-4.701984	2039.928	0
306.3	-4.738452	2041.063	0
306.4	-4.775588	2042.198	0
306.5	-4.813404	2043.334	0
306.6	-4.851923	2044.469	0
306.7	-4.89116	2045.604	0
306.8	-4.931115	2046.74	0
306.9	-4.971782	2047.875	0
307	-5.013134	2049.01	0
307.1	-5.055111	2050.146	0
307.2	-5.097658	2051.281	0
307.3	-5.140735	2052.416	0
307.4	-5.18434	2053.552	0
307.5	-5.228458	2054.687	0
307.6	-5.273038	2055.822	0
307.7	-5.318016	2056.958	0
307.8	-5.363348	2058.093	0
307.9	-5.409031	2059.228	0
308	-5.455077	2060.363	0
308.1	-5.501482	2061.502	0
308.2	-5.548045	2062.649	0
308.3	-5.594638	2063.797	0
308.4	-5.641181	2064.944	0
308.5	-5.687605	2066.092	0
308.6	-5.733846	2067.239	0
308.7	-5.77986	2068.386	0
308.8	-5.825657	2069.534	0
308.9	-5.87128	2070.681	0
309	-5.916742	2071.829	0
309.1	-5.962024	2072.976	0
309.2	-6.007104	2074.124	0
309.3	-6.051953	2075.271	0
309.4	-6.096537	2076.419	0
309.5	-6.140816	2077.566	0
309.6	-6.184742	2078.714	0
309.7	-6.22828	2079.861	0
309.8	-6.271395	2081.009	0
309.9	-6.314032	2082.156	0
310	-6.356154	2083.303	0
310.1	-6.397785	2084.451	0
310.2	-6.438969	2085.598	0
310.3	-6.479723	2086.746	0
310.4	-6.520018	2087.893	0
310.5	-6.559818	2089.041	0
310.6	-6.599092	2090.188	0
310.7	-6.637869	2091.335	0
310.8	-6.676187	2092.483	0
310.9	-6.714071	2093.63	0
311	-6.75152	2094.778	0
311.1	-6.788515	2095.925	0
311.2	-6.825033	2097.072	0
