Time	Aircraft Simulation Altitude	Aircraft Simulation Position Z
0.1	1.433816	4.868134
0.2	1.434175	4.868027
0.3	1.433991	4.868147
0.4	1.434021	4.868131
0.5	1.434024	4.868117
0.6	1.434023	4.868104
0.7	1.434019	4.868079
0.8	1.434022	4.868055
0.9	1.43402	4.868033
1	1.434022	4.868009
1.1	1.43402	4.867989
1.2	1.434021	4.867973
1.3	1.43402	4.86795
1.4	1.434018	4.867929
1.5	1.434016	4.867903
1.6	1.43402	4.86788
1.7	1.434018	4.867856
1.8	1.434015	4.86783
1.9	1.434015	4.867813
2	1.434019	4.867794
2.1	1.434013	4.867778
2.2	1.43402	4.867757
2.3	1.434017	4.867737
2.4	1.434012	4.867725
2.5	1.434016	4.867703
2.6	1.434016	4.867681
2.7	1.434016	4.867654
2.8	1.434018	4.867624
2.9	1.434014	4.867599
3	1.434014	4.86758
3.1	1.434015	4.86756
3.2	1.434011	4.867546
3.3	1.434014	4.867523
3.4	1.434014	4.867498
3.5	1.434015	4.867478
3.6	1.434015	4.867455
3.7	1.434013	4.867437
3.8	1.434012	4.867414
3.9	1.434013	4.867389
4	1.434011	4.867369
4.1	1.43401	4.867348
4.2	1.434011	4.86733
4.3	1.434011	4.867312
4.4	1.434012	4.867295
4.5	1.434012	4.86727
4.6	1.434007	4.867256
4.7	1.434012	4.867231
4.8	1.434008	4.867208
4.9	1.434009	4.867188
5	1.43401	4.867171
5.1	1.43401	4.867149
5.2	1.434009	4.867126
5.3	1.434008	4.867106
5.4	1.434013	4.867083
5.5	1.434007	4.867064
5.6	1.43401	4.867044
5.7	1.434012	4.867021
5.8	1.434011	4.867009
5.9	1.434011	4.866991
6	1.434011	4.866958
6.1	1.434006	4.86693
6.2	1.434005	4.866908
6.3	1.434007	4.866886
6.4	1.434007	4.866868
6.5	1.434003	4.866853
6.6	1.434005	4.866838
6.7	1.434	4.866818
6.8	1.434007	4.866804
6.9	1.43401	4.866781
7	1.434008	4.866759
7.1	1.434003	4.866747
7.2	1.434005	4.866731
7.3	1.434005	4.866714
7.4	1.434005	4.866686
7.5	1.434006	4.866659
7.6	1.434007	4.866632
7.7	1.434003	4.866611
7.8	1.434004	4.866588
7.9	1.434001	4.866563
8	1.434001	4.866545
8.1	1.434001	4.866524
8.2	1.434001	4.866502
8.3	1.434	4.866487
8.4	1.434	4.866467
8.5	1.434	4.866445
8.6	1.434001	4.86643
8.7	1.434001	4.866408
8.8	1.434002	4.866387
8.9	1.434002	4.866364
9	1.434001	4.866334
9.1	1.433999	4.866316
9.2	1.434	4.866297
9.3	1.433999	4.86628
9.4	1.433999	4.866266
9.5	1.434	4.866245
9.6	1.433997	4.866221
9.7	1.434	4.866197
9.8	1.434001	4.86618
9.9	1.433999	4.866153
10	1.433998	4.866131
10.1	1.433997	4.866107
10.2	1.433997	4.866084
10.3	1.433999	4.866063
10.4	1.434001	4.866049
10.5	1.434	4.866032
10.6	1.434	4.866012
10.7	1.433998	4.865991
10.8	1.433999	4.865968
10.9	1.433996	4.865943
11	1.433997	4.86592
11.1	1.433997	4.865896
11.2	1.433995	4.865873
11.3	1.433994	4.86585
11.4	1.433996	4.86583
11.5	1.433999	4.865814
11.6	1.433998	4.865795
11.7	1.433998	4.865771
11.8	1.433995	4.865745
11.9	1.433995	4.865719
12	1.433994	4.865698
12.1	1.433997	4.865676
12.2	1.433996	4.865653
12.3	1.433996	4.865635
12.4	1.433998	4.865612
12.5	1.433993	4.86559
12.6	1.433992	4.865569
12.7	1.433993	4.865548
12.8	1.433996	4.865534
12.9	1.433995	4.865508
13	1.433992	4.865477
13.1	1.433993	4.865457
13.2	1.433994	4.865432
13.3	1.433989	4.865415
13.4	1.433993	4.865391
13.5	1.433993	4.865374
13.6	1.433993	4.865356
13.7	1.433993	4.865336
13.8	1.433993	4.865311
13.9	1.433992	4.865279
14	1.433991	4.865258
14.1	1.433989	4.865244
14.2	1.433988	4.865226
14.3	1.43399	4.865203
14.4	1.43399	4.86519
14.5	1.43399	4.86517
14.6	1.433991	4.865141
14.7	1.433986	4.865131
14.8	1.433987	4.865108
14.9	1.433986	4.865078
15	1.433984	4.865051
15.1	1.433986	4.865027
15.2	1.433988	4.865003
15.3	1.433986	4.864991
15.4	1.433984	4.864979
15.5	1.433991	4.864954
15.6	1.433987	4.864927
15.7	1.433983	4.864901
15.8	1.433987	4.864874
15.9	1.433985	4.864854
16	1.43398	4.86484
16.1	1.433988	4.864813
16.2	1.433984	4.864799
16.3	1.433981	4.864779
16.4	1.433981	4.864756
16.5	1.433985	4.864727
16.6	1.433984	4.864708
16.7	1.433985	4.864686
16.8	1.433986	4.864663
16.9	1.433983	4.864639
17	1.433983	4.864615
17.1	1.433981	4.864594
17.2	1.43398	4.864573
17.3	1.43398	4.864552
17.4	1.43398	4.864533
17.5	1.433984	4.864522
17.6	1.433982	4.864494
17.7	1.43398	4.864474
17.8	1.433982	4.86444
17.9	1.433978	4.864425
18	1.433978	4.864405
18.1	1.433981	4.864386
18.2	1.433975	4.864359
18.3	1.433981	4.864336
18.4	1.433976	4.864318
18.5	1.433979	4.864302
18.6	1.433979	4.864284
18.7	1.433979	4.864254
18.8	1.433979	4.86423
18.9	1.433972	4.864213
19	1.433975	4.864182
19.1	1.433978	4.864162
19.2	1.433978	4.864141
19.3	1.433984	4.864117
19.4	1.433977	4.864102
19.5	1.433978	4.864079
19.6	1.433975	4.86406
19.7	1.43398	4.864035
19.8	1.433975	4.864014
19.9	1.433977	4.863993
20	1.433976	4.863972
20.1	1.433976	4.863945
20.2	1.433977	4.863923
20.3	1.433975	4.863899
20.4	1.433977	4.863875
20.5	1.433977	4.863855
20.6	1.43398	4.86383
20.7	1.433975	4.863812
20.8	1.433971	4.863794
20.9	1.433972	4.863772
21	1.433973	4.863751
21.1	1.433972	4.863734
21.2	1.433972	4.863708
21.3	1.433975	4.863688
21.4	1.433974	4.863667
21.5	1.433972	4.863647
21.6	1.433971	4.863619
21.7	1.43397	4.863595
21.8	1.433972	4.863572
21.9	1.433975	4.863565
22	1.433975	4.863538
22.1	1.433972	4.863526
22.2	1.433975	4.863502
22.3	1.433968	4.863482
22.4	1.433972	4.863461
22.5	1.433972	4.863442
22.6	1.433967	4.863409
22.7	1.433968	4.863379
22.8	1.433969	4.863357
22.9	1.433967	4.86334
23	1.433973	4.863317
23.1	1.433969	4.863304
23.2	1.433967	4.863288
23.3	1.43397	4.863259
23.4	1.433966	4.863237
23.5	1.433969	4.863216
23.6	1.433968	4.863189
23.7	1.433968	4.863163
23.8	1.43397	4.863147
23.9	1.433964	4.863128
24	1.433968	4.863111
24.1	1.433963	4.863097
24.2	1.433967	4.863073
24.3	1.433964	4.863046
24.4	1.433967	4.863018
24.5	1.433964	4.863002
24.6	1.433968	4.862983
24.7	1.433967	4.862956
24.8	1.433967	4.862935
24.9	1.433964	4.862912
25	1.433957	4.862884
25.1	1.433962	4.862861
25.2	1.433965	4.862845
25.3	1.433963	4.862827
25.4	1.433966	4.862802
25.5	1.43396	4.862784
25.6	1.433964	4.862758
25.7	1.433961	4.862732
25.8	1.43396	4.862712
25.9	1.433959	4.86269
26	1.433959	4.862673
26.1	1.433962	4.862654
26.2	1.433963	4.862635
26.3	1.433961	4.862617
26.4	1.433957	4.862597
26.5	1.433957	4.862573
26.6	1.433958	4.862545
26.7	1.433957	4.862526
26.8	1.433957	4.862498
26.9	1.433959	4.862475
27	1.433956	4.862452
27.1	1.433956	4.862436
27.2	1.433957	4.862411
27.3	1.433956	4.862391
27.4	1.433958	4.86237
27.5	1.433958	4.86235
27.6	1.433957	4.862323
27.7	1.433955	4.862304
27.8	1.433956	4.862285
27.9	1.433954	4.862259
28	1.433955	4.86224
28.1	1.433955	4.862217
28.2	1.433954	4.862195
28.3	1.433953	4.862171
28.4	1.433955	4.862154
28.5	1.433954	4.862137
28.6	1.433957	4.862118
28.7	1.433953	4.862097
28.8	1.433955	4.862071
28.9	1.433954	4.862046
29	1.433951	4.862025
29.1	1.433951	4.862002
29.2	1.433951	4.861982
29.3	1.433949	4.861965
29.4	1.433951	4.861951
29.5	1.433954	4.86193
29.6	1.433954	4.861909
29.7	1.433947	4.861894
29.8	1.433951	4.861861
29.9	1.433949	4.861833
30	1.433946	4.861809
30.1	1.433947	4.861782
30.2	1.43395	4.861755
30.3	1.433946	4.861745
30.4	1.433949	4.861727
30.5	1.433951	4.861709
30.6	1.433946	4.861683
30.7	1.433944	4.861662
30.8	1.433951	4.861635
30.9	1.433948	4.861613
31	1.433948	4.861596
31.1	1.433947	4.861574
31.2	1.433947	4.861553
31.3	1.433946	4.861533
31.4	1.433946	4.861511
31.5	1.433948	4.86149
31.6	1.433946	4.861474
31.7	1.433946	4.861448
31.8	1.433947	4.861426
31.9	1.433944	4.861399
32	1.433945	4.861378
32.1	1.433946	4.861354
32.2	1.433944	4.861332
32.3	1.433943	4.861313
32.4	1.433948	4.861291
32.5	1.433947	4.86127
32.6	1.433947	4.861249
32.7	1.433946	4.861228
32.8	1.433944	4.861202
32.9	1.433944	4.861179
33	1.433945	4.861156
33.1	1.433946	4.861138
33.2	1.433943	4.861117
33.3	1.433945	4.861094
33.4	1.433944	4.861075
33.5	1.433942	4.861056
33.6	1.433941	4.861033
33.7	1.433943	4.861011
33.8	1.433943	4.860989
33.9	1.433942	4.860962
34	1.433943	4.860939
34.1	1.433943	4.860919
34.2	1.433941	4.860895
34.3	1.43394	4.860878
34.4	1.43394	4.860858
34.5	1.43394	4.860832
34.6	1.433941	4.860806
34.7	1.433942	4.860786
34.8	1.43394	4.860772
34.9	1.43394	4.860749
35	1.433941	4.860733
35.1	1.433941	4.860707
35.2	1.433938	4.860683
35.3	1.433938	4.860661
35.4	1.433941	4.860641
35.5	1.43394	4.860619
35.6	1.43394	4.8606
35.7	1.433941	4.86058
35.8	1.433939	4.860554
35.9	1.433942	4.860535
36	1.433941	4.860517
36.1	1.433939	4.860497
36.2	1.433935	4.860473
36.3	1.433933	4.860448
36.4	1.433938	4.860424
36.5	1.433937	4.860409
36.6	1.433937	4.86039
36.7	1.433942	4.860367
36.8	1.433934	4.860351
36.9	1.433937	4.86032
37	1.433937	4.860299
37.1	1.433932	4.860277
37.2	1.433933	4.860252
37.3	1.433937	4.86023
37.4	1.433933	4.860216
37.5	1.433935	4.860187
37.6	1.433936	4.860174
37.7	1.433933	4.860152
37.8	1.433935	4.860128
37.9	1.433932	4.860108
38	1.433934	4.860086
38.1	1.43393	4.860064
38.2	1.433933	4.860045
38.3	1.433933	4.860027
38.4	1.433932	4.860005
38.5	1.433933	4.859978
38.6	1.433934	4.859952
38.7	1.43393	4.859934
38.8	1.433929	4.859908
38.9	1.433929	4.859891
39	1.433932	4.859872
39.1	1.433932	4.85985
39.2	1.433931	4.859828
39.3	1.43393	4.859804
39.4	1.433928	4.859779
39.5	1.433928	4.859765
39.6	1.433926	4.859745
39.7	1.433928	4.859722
39.8	1.433929	4.859701
39.9	1.433929	4.859682
40	1.433929	4.859661
40.1	1.433929	4.859631
40.2	1.433927	4.859611
40.3	1.433925	4.859588
40.4	1.433926	4.859568
40.5	1.433925	4.859544
40.6	1.433926	4.859528
40.7	1.433927	4.859505
40.8	1.433929	4.859487
40.9	1.433926	4.859465
41	1.433923	4.859437
41.1	1.433923	4.859412
41.2	1.433922	4.859389
41.3	1.433926	4.859363
41.4	1.433928	4.859341
41.5	1.433926	4.859333
41.6	1.433928	4.859319
41.7	1.433929	4.859293
41.8	1.433926	4.859266
41.9	1.433916	4.859242
42	1.433925	4.859215
42.1	1.433924	4.859192
42.2	1.433924	4.859172
42.3	1.433925	4.859162
42.4	1.433922	4.859144
42.5	1.433926	4.859122
42.6	1.433922	4.859092
42.7	1.433921	4.859071
42.8	1.433923	4.859046
42.9	1.433925	4.859022
43	1.433923	4.859004
43.1	1.43392	4.858983
43.2	1.433924	4.858967
43.3	1.433923	4.858948
43.4	1.433917	4.858925
43.5	1.433921	4.858899
43.6	1.433922	4.858872
43.7	1.433923	4.858848
43.8	1.433918	4.858834
43.9	1.43392	4.85881
44	1.433922	4.858789
44.1	1.433918	4.858768
44.2	1.433917	4.858747
44.3	1.433915	4.858724
44.4	1.433916	4.858699
44.5	1.433915	4.858682
44.6	1.43392	4.858662
44.7	1.433917	4.858642
44.8	1.433917	4.858619
44.9	1.433919	4.858596
45	1.433917	4.858573
45.1	1.433914	4.858558
45.2	1.433915	4.858531
45.3	1.433918	4.858506
45.4	1.433915	4.858484
45.5	1.433915	4.858461
45.6	1.433918	4.858443
45.7	1.433912	4.858426
45.8	1.433913	4.858406
45.9	1.433915	4.858378
46	1.433913	4.858356
46.1	1.43391	4.858338
46.2	1.433912	4.858317
46.3	1.433914	4.858296
46.4	1.433911	4.85828
46.5	1.433913	4.858258
46.6	1.433913	4.858235
46.7	1.433911	4.858215
46.8	1.433914	4.858191
46.9	1.433909	4.858172
47	1.433911	4.858151
47.1	1.433909	4.858126
47.2	1.433912	4.858108
47.3	1.433913	4.858087
47.4	1.433912	4.85807
47.5	1.433912	4.858052
47.6	1.433908	4.858032
47.7	1.433908	4.858004
47.8	1.433905	4.857973
47.9	1.433904	4.857949
48	1.433905	4.857931
48.1	1.433912	4.857916
48.2	1.433906	4.857902
48.3	1.433908	4.857879
48.4	1.433907	4.857849
48.5	1.433905	4.857821
48.6	1.433905	4.8578
48.7	1.433903	4.857776
48.8	1.433904	4.857764
48.9	1.433908	4.857748
49	1.433906	4.857728
49.1	1.433905	4.857707
49.2	1.433908	4.857684
49.3	1.433901	4.857661
49.4	1.433903	4.857636
49.5	1.433906	4.857606
49.6	1.433902	4.857589
49.7	1.433904	4.857566
49.8	1.433906	4.857549
49.9	1.433903	4.857526
50	1.433904	4.85751
50.1	1.433901	4.857488
50.2	1.433904	4.857465
50.3	1.433902	4.857443
50.4	1.433901	4.857418
50.5	1.433903	4.857395
50.6	1.433903	4.857372
50.7	1.433903	4.857355
50.8	1.433899	4.857335
50.9	1.433898	4.857313
51	1.433902	4.857285
51.1	1.433896	4.857265
51.2	1.433903	4.857243
51.3	1.433904	4.857223
51.4	1.433904	4.857203
51.5	1.4339	4.857182
51.6	1.4339	4.857163
51.7	1.433899	4.85714
51.8	1.433894	4.857115
51.9	1.433899	4.85709
52	1.4339	4.857063
52.1	1.433897	4.857052
52.2	1.433898	4.857033
52.3	1.4339	4.857008
52.4	1.433897	4.856988
52.5	1.433895	4.856962
52.6	1.433897	4.856935
52.7	1.433896	4.856918
52.8	1.433896	4.856897
52.9	1.433893	4.856874
53	1.433897	4.856855
53.1	1.433894	4.856835
53.2	1.433896	4.856809
53.3	1.433895	4.856785
53.4	1.433896	4.85676
53.5	1.433895	4.85674
53.6	1.433893	4.85672
53.7	1.433892	4.856702
53.8	1.433894	4.856678
53.9	1.433894	4.856658
54	1.433892	4.856635
54.1	1.433893	4.856615
54.2	1.433894	4.856592
54.3	1.433892	4.856566
54.4	1.433894	4.856543
54.5	1.433892	4.856525
54.6	1.433893	4.856502
54.7	1.433895	4.856485
54.8	1.433893	4.85646
54.9	1.433891	4.856439
55	1.433891	4.856407
55.1	1.433891	4.856386
55.2	1.433889	4.856367
55.3	1.433892	4.856342
55.4	1.433891	4.856321
55.5	1.433891	4.856307
55.6	1.433887	4.856277
55.7	1.433892	4.856256
55.8	1.433888	4.856232
55.9	1.433889	4.856209
56	1.433889	4.85619
56.1	1.433891	4.856169
56.2	1.433887	4.856152
56.3	1.433888	4.856139
56.4	1.433892	4.856112
56.5	1.43389	4.856085
56.6	1.433886	4.856065
56.7	1.433889	4.856034
56.8	1.433886	4.856008
56.9	1.433886	4.855991
57	1.433886	4.855969
57.1	1.433887	4.855956
57.2	1.433888	4.855928
57.3	1.433886	4.855905
57.4	1.433889	4.855879
57.5	1.433885	4.855859
57.6	1.433884	4.855846
57.7	1.433885	4.855823
57.8	1.433883	4.855801
57.9	1.433886	4.855775
58	1.433887	4.855752
58.1	1.433883	4.855737
58.2	1.433883	4.855713
58.3	1.433883	4.855692
58.4	1.433886	4.855667
58.5	1.433884	4.855651
58.6	1.433889	4.855633
58.7	1.433885	4.855608
58.8	1.433884	4.855583
58.9	1.433884	4.855556
59	1.433883	4.85553
59.1	1.43388	4.855515
59.2	1.433884	4.855494
59.3	1.433885	4.855481
59.4	1.433881	4.855464
59.5	1.433881	4.855437
59.6	1.433882	4.855406
59.7	1.433879	4.855382
59.8	1.433883	4.855361
59.9	1.433882	4.85534
60	1.433885	4.855324
60.1	1.433879	4.8553
60.2	1.43388	4.855286
60.3	1.43388	4.855265
60.4	1.433876	4.855237
60.5	1.433877	4.855214
60.6	1.433879	4.85519
60.7	1.433877	4.855171
60.8	1.433879	4.855145
60.9	1.433878	4.855133
61	1.433878	4.855115
61.1	1.433877	4.855093
61.2	1.433878	4.855072
61.3	1.433876	4.855044
61.4	1.433878	4.855017
61.5	1.433874	4.855
61.6	1.433877	4.85498
61.7	1.433876	4.854957
61.8	1.433874	4.854943
61.9	1.433875	4.854923
62	1.433875	4.854897
62.1	1.433877	4.854871
62.2	1.43387	4.854854
62.3	1.433877	4.854829
62.4	1.433875	4.854808
62.5	1.433872	4.854787
62.6	1.433874	4.854764
62.7	1.433874	4.854744
62.8	1.433873	4.854721
62.9	1.433874	4.854695
63	1.433874	4.854674
63.1	1.433868	4.854654
63.2	1.433871	4.854632
63.3	1.433866	4.854615
63.4	1.433872	4.854603
63.5	1.433876	4.854583
63.6	1.43387	4.854558
63.7	1.433867	4.854537
63.8	1.433871	4.854507
63.9	1.433866	4.854479
64	1.433868	4.854464
64.1	1.433867	4.854449
64.2	1.433868	4.854435
64.3	1.43387	4.854405
64.4	1.433866	4.854379
64.5	1.433863	4.854359
64.6	1.433869	4.854332
64.7	1.433866	4.854309
64.8	1.433863	4.854291
64.9	1.433869	4.854271
65	1.433866	4.85425
65.1	1.433867	4.854232
65.2	1.433865	4.854208
65.3	1.433865	4.854188
65.4	1.433865	4.85417
65.5	1.433864	4.854142
65.6	1.433866	4.854118
65.7	1.433863	4.854096
65.8	1.433866	4.854078
65.9	1.433866	4.854061
66	1.433864	4.854038
66.1	1.433865	4.854017
66.2	1.433862	4.853992
66.3	1.433863	4.853969
66.4	1.433864	4.853951
66.5	1.433861	4.853931
66.6	1.433865	4.85391
66.7	1.433864	4.853891
66.8	1.433863	4.853866
66.9	1.433861	4.853835
67	1.433862	4.853813
67.1	1.433859	4.853793
67.2	1.433862	4.853773
67.3	1.433861	4.853748
67.4	1.43386	4.853732
67.5	1.433862	4.853711
67.6	1.433861	4.853687
67.7	1.433862	4.853671
67.8	1.433859	4.853647
67.9	1.43386	4.85362
68	1.433859	4.853593
68.1	1.433858	4.853572
68.2	1.433858	4.853556
68.3	1.433859	4.853536
68.4	1.433859	4.853513
68.5	1.433859	4.853489
68.6	1.433859	4.853466
68.7	1.433857	4.853438
68.8	1.433859	4.853416
68.9	1.433858	4.8534
69	1.433856	4.853383
69.1	1.433859	4.853369
69.2	1.433858	4.853348
69.3	1.433856	4.853325
69.4	1.433856	4.853305
69.5	1.433851	4.853282
69.6	1.433854	4.853261
69.7	1.433859	4.853237
69.8	1.433854	4.853218
69.9	1.433856	4.853201
70	1.433855	4.85318
70.1	1.433857	4.85316
70.2	1.433858	4.853137
70.3	1.433856	4.853109
70.4	1.433857	4.853084
70.5	1.433849	4.853064
70.6	1.433851	4.853041
70.7	1.433855	4.853022
70.8	1.433856	4.853002
70.9	1.433854	4.852987
71	1.433852	4.852968
71.1	1.433856	4.852937
71.2	1.433855	4.852909
71.3	1.43385	4.852885
71.4	1.433852	4.852861
71.5	1.433853	4.852842
71.6	1.433853	4.852827
71.7	1.433852	4.852802
71.8	1.433852	4.85278
71.9	1.43385	4.852757
72	1.43385	4.852739
72.1	1.433848	4.852716
72.2	1.433849	4.85269
72.3	1.43385	4.852665
72.4	1.433847	4.852645
72.5	1.43385	4.852628
72.6	1.43385	4.852613
72.7	1.433848	4.852592
72.8	1.433851	4.852568
72.9	1.433851	4.852545
73	1.433849	4.85252
73.1	1.433849	4.852499
73.2	1.433848	4.852481
73.3	1.433847	4.852462
73.4	1.433847	4.852441
73.5	1.433845	4.85242
73.6	1.433849	4.852395
73.7	1.433845	4.852369
73.8	1.433844	4.852354
73.9	1.43385	4.852328
74	1.433849	4.852312
74.1	1.433849	4.852292
74.2	1.433845	4.852268
74.3	1.433848	4.852243
74.4	1.433842	4.852218
74.5	1.433848	4.852195
74.6	1.433847	4.852178
74.7	1.433848	4.85216
74.8	1.433847	4.852139
74.9	1.433846	4.852116
75	1.433841	4.852089
75.1	1.433842	4.852061
75.2	1.43384	4.852045
75.3	1.433844	4.852022
75.4	1.433846	4.852008
75.5	1.433844	4.851995
75.6	1.433843	4.851971
75.7	1.433845	4.851947
75.8	1.433841	4.851924
75.9	1.433845	4.851894
76	1.433841	4.851864
76.1	1.433843	4.85184
76.2	1.43384	4.851824
76.3	1.433841	4.851805
76.4	1.433841	4.851786
76.5	1.433841	4.851768
76.6	1.433838	4.851742
76.7	1.433841	4.851717
76.8	1.433841	4.851692
76.9	1.433841	4.851671
77	1.433834	4.851649
77.1	1.433841	4.851628
77.2	1.433839	4.851613
77.3	1.433841	4.851588
77.4	1.43384	4.851566
77.5	1.43384	4.851545
77.6	1.433838	4.851519
77.7	1.433838	4.851496
77.8	1.433835	4.851473
77.9	1.433836	4.851453
78	1.433841	4.851426
78.1	1.433837	4.851409
78.2	1.433836	4.851395
78.3	1.433841	4.851376
78.4	1.433836	4.851356
78.5	1.433834	4.851326
78.6	1.433837	4.851302
78.7	1.433833	4.851277
78.8	1.433833	4.851255
78.9	1.433837	4.851234
79	1.433839	4.85122
79.1	1.433835	4.851195
79.2	1.433837	4.851177
79.3	1.433834	4.851152
79.4	1.433833	4.851123
79.5	1.433829	4.851107
79.6	1.433834	4.851086
79.7	1.433832	4.85107
79.8	1.43383	4.851049
79.9	1.433833	4.851024
80	1.433834	4.850998
80.1	1.43383	4.850975
80.2	1.433828	4.85095
80.3	1.433831	4.850926
80.4	1.433834	4.850903
80.5	1.433831	4.850892
80.6	1.433829	4.850871
80.7	1.433828	4.850846
80.8	1.433829	4.850818
80.9	1.433831	4.850792
81	1.43383	4.850769
81.1	1.433825	4.850749
81.2	1.433831	4.850729
81.3	1.433827	4.850709
81.4	1.433828	4.850685
81.5	1.433826	4.850665
81.6	1.433827	4.85064
81.7	1.433829	4.850621
81.8	1.433826	4.850608
81.9	1.433825	4.850586
82	1.433826	4.850561
82.1	1.433827	4.85054
82.2	1.433827	4.850514
82.3	1.433828	4.850492
82.4	1.433827	4.850469
82.5	1.433825	4.850446
82.6	1.433826	4.850431
82.7	1.433827	4.85041
82.8	1.433822	4.850392
82.9	1.433826	4.850366
83	1.433825	4.850341
83.1	1.433822	4.850323
83.2	1.433827	4.850298
83.3	1.433825	4.850278
83.4	1.433825	4.850254
83.5	1.433823	4.850232
83.6	1.433826	4.850212
83.7	1.433824	4.850188
83.8	1.433822	4.850166
83.9	1.433824	4.850142
84	1.433825	4.850122
84.1	1.433824	4.850097
84.2	1.433823	4.850076
84.3	1.433823	4.850054
84.4	1.433824	4.850033
84.5	1.433821	4.85002
84.6	1.433821	4.849998
84.7	1.433824	4.849972
84.8	1.433826	4.849943
84.9	1.433818	4.849922
85	1.433817	4.8499
85.1	1.43382	4.849882
85.2	1.433815	4.849864
85.3	1.433819	4.849844
85.4	1.433822	4.849831
85.5	1.433824	4.849805
85.6	1.433819	4.849793
85.7	1.433817	4.849766
85.8	1.43382	4.849734
85.9	1.433817	4.849717
86	1.433814	4.849693
86.1	1.433818	4.849667
86.2	1.433819	4.849646
86.3	1.433817	4.849631
86.4	1.433813	4.849608
86.5	1.433816	4.849585
86.6	1.433815	4.849558
86.7	1.433815	4.849532
86.8	1.433817	4.849512
86.9	1.433811	4.849498
87	1.433815	4.849476
87.1	1.433817	4.849454
87.2	1.433812	4.849437
87.3	1.433817	4.849415
87.4	1.433815	4.849391
87.5	1.433815	4.849372
87.6	1.43381	4.849349
87.7	1.43381	4.849329
87.8	1.433806	4.849304
87.9	1.433812	4.849278
88	1.433813	4.849259
88.1	1.433814	4.849245
88.2	1.433815	4.84922
88.3	1.43381	4.849196
88.4	1.433812	4.849171
88.5	1.433808	4.849149
88.6	1.433806	4.849129
88.7	1.433808	4.849107
88.8	1.433812	4.849089
88.9	1.433809	4.849067
89	1.433808	4.849037
89.1	1.433806	4.849013
89.2	1.43381	4.84899
89.3	1.433812	4.848975
89.4	1.433807	4.848966
89.5	1.433809	4.848945
89.6	1.433809	4.848915
89.7	1.433807	4.848896
89.8	1.433803	4.848868
89.9	1.433805	4.848845
90	1.433808	4.848823
90.1	1.433805	4.848804
90.2	1.433806	4.848778
90.3	1.433807	4.848763
90.4	1.433805	4.848743
90.5	1.433805	4.848724
90.6	1.433806	4.848693
90.7	1.433807	4.848671
90.8	1.433802	4.84865
90.9	1.433804	4.848628
91	1.433802	4.848608
91.1	1.433807	4.84859
91.2	1.433804	4.848565
91.3	1.433804	4.848548
91.4	1.433806	4.84853
91.5	1.433803	4.848505
91.6	1.433803	4.848482
91.7	1.433802	4.848462
91.8	1.433803	4.848443
91.9	1.433802	4.848419
92	1.433805	4.848399
92.1	1.433801	4.848382
92.2	1.433801	4.848356
92.3	1.433805	4.848329
92.4	1.433801	4.848308
92.5	1.4338	4.848281
92.6	1.433803	4.848261
92.7	1.433803	4.84824
92.8	1.433799	4.848225
92.9	1.4338	4.848199
93	1.433797	4.848178
93.1	1.433799	4.848158
93.2	1.433797	4.848142
93.3	1.433805	4.848113
93.4	1.433801	4.848093
93.5	1.433799	4.848073
93.6	1.433804	4.848045
93.7	1.433798	4.848032
93.8	1.433797	4.848011
93.9	1.433799	4.847991
94	1.433794	4.847969
94.1	1.433797	4.847941
94.2	1.433797	4.84792
94.3	1.433799	4.847904
94.4	1.433795	4.847887
94.5	1.433801	4.847866
94.6	1.433796	4.847847
94.7	1.433794	4.847818
94.8	1.433795	4.847795
94.9	1.433796	4.847767
95	1.433793	4.847747
95.1	1.433796	4.847726
95.2	1.433795	4.847708
95.3	1.433796	4.847687
95.4	1.433796	4.847663
95.5	1.433794	4.847645
95.6	1.433795	4.847628
95.7	1.433795	4.847603
95.8	1.433794	4.847583
95.9	1.43379	4.847562
96	1.433791	4.847542
96.1	1.433794	4.847517
96.2	1.433797	4.847496
96.3	1.433794	4.847472
96.4	1.433793	4.847451
96.5	1.433789	4.847431
96.6	1.433792	4.847404
96.7	1.433791	4.847386
96.8	1.433793	4.847369
96.9	1.433793	4.847347
97	1.433789	4.847327
97.1	1.433789	4.847299
97.2	1.433787	4.847273
97.3	1.433791	4.847248
97.4	1.433787	4.847233
97.5	1.433787	4.847214
97.6	1.433794	4.847191
97.7	1.43379	4.847169
97.8	1.433787	4.847153
97.9	1.433789	4.847125
98	1.433788	4.8471
98.1	1.433786	4.847075
98.2	1.433788	4.847053
98.3	1.43379	4.847035
98.4	1.433785	4.847017
98.5	1.433787	4.847002
98.6	1.433786	4.846984
98.7	1.433786	4.846959
98.8	1.433787	4.846945
98.9	1.433787	4.846918
99	1.433788	4.84689
99.1	1.433787	4.846864
99.2	1.433789	4.846842
99.3	1.433789	4.846823
99.4	1.433788	4.846798
99.5	1.433787	4.846779
99.6	1.433787	4.846753
99.7	1.433788	4.84673
99.8	1.433786	4.84671
99.9	1.433787	4.84669
100	1.433787	4.846669
100.1	1.433784	4.846648
100.2	1.433782	4.846627
100.3	1.433786	4.846603
100.4	1.433785	4.846581
100.5	1.433782	4.846561
100.6	1.433789	4.846541
100.7	1.433787	4.846519
100.8	1.433785	4.846503
100.9	1.433788	4.846482
101	1.433783	4.846459
101.1	1.43378	4.846438
101.2	1.433786	4.84641
101.3	1.433782	4.846385
101.4	1.433782	4.846361
101.5	1.43378	4.846345
101.6	1.433784	4.846327
101.7	1.433785	4.846304
101.8	1.433784	4.846285
101.9	1.433783	4.846259
102	1.433781	4.846231
102.1	1.433778	4.84621
102.2	1.433782	4.846192
102.3	1.433781	4.846178
102.4	1.433782	4.846151
102.5	1.433782	4.846135
102.6	1.433782	4.846107
102.7	1.433777	4.846091
102.8	1.433779	4.846067
102.9	1.433777	4.846047
103	1.433779	4.846023
103.1	1.433781	4.845998
103.2	1.433777	4.845978
103.3	1.433776	4.845957
103.4	1.433774	4.845933
103.5	1.433775	4.845918
103.6	1.433775	4.8459
103.7	1.433775	4.84588
103.8	1.433775	4.845855
103.9	1.433772	4.845831
104	1.433774	4.845803
104.1	1.433774	4.845779
104.2	1.433773	4.845761
104.3	1.433774	4.845741
104.4	1.433773	4.845718
104.5	1.433777	4.845695
104.6	1.433778	4.845677
104.7	1.433777	4.845655
104.8	1.433775	4.845634
104.9	1.433773	4.845616
105	1.433774	4.845592
105.1	1.433773	4.845564
105.2	1.43377	4.84554
105.3	1.43377	4.845519
105.4	1.433771	4.845498
105.5	1.433767	4.845487
105.6	1.433771	4.845463
105.7	1.433771	4.845443
105.8	1.433769	4.845421
105.9	1.433773	4.845408
106	1.433773	4.845386
106.1	1.433771	4.845361
106.2	1.43377	4.845333
106.3	1.433767	4.845305
106.4	1.433767	4.845283
106.5	1.433765	4.845268
106.6	1.433766	4.845243
106.7	1.433767	4.845227
106.8	1.433771	4.845208
106.9	1.433766	4.845183
107	1.43377	4.84516
107.1	1.433767	4.845139
107.2	1.433767	4.845117
107.3	1.433767	4.845099
107.4	1.433768	4.845077
107.5	1.433766	4.84506
107.6	1.433764	4.84504
107.7	1.433765	4.845012
107.8	1.433764	4.844987
107.9	1.433763	4.844965
108	1.433764	4.84494
108.1	1.433766	4.844921
108.2	1.433764	4.844907
108.3	1.433758	4.844882
108.4	1.433764	4.844855
108.5	1.433761	4.844829
108.6	1.433764	4.844813
108.7	1.433765	4.844793
108.8	1.433764	4.844771
108.9	1.43376	4.844755
109	1.433759	4.844722
109.1	1.433763	4.844697
109.2	1.43376	4.844675
109.3	1.433761	4.844654
109.4	1.43376	4.844638
109.5	1.433762	4.844617
109.6	1.433761	4.844594
109.7	1.43376	4.844568
109.8	1.433761	4.844549
109.9	1.433759	4.844528
110	1.433757	4.844508
110.1	1.433761	4.844481
110.2	1.433757	4.844469
110.3	1.433757	4.844452
110.4	1.433757	4.844432
110.5	1.433761	4.844405
110.6	1.433759	4.844386
110.7	1.433762	4.844358
110.8	1.433759	4.844336
110.9	1.433761	4.84431
111	1.433761	4.844289
111.1	1.433757	4.844274
111.2	1.433756	4.844255
111.3	1.433759	4.844235
111.4	1.433758	4.844207
111.5	1.433757	4.844189
111.6	1.433758	4.844167
111.7	1.433761	4.844144
111.8	1.433753	4.844124
111.9	1.433756	4.844108
112	1.433757	4.844085
112.1	1.433754	4.844071
112.2	1.433753	4.84405
112.3	1.433756	4.844019
112.4	1.433758	4.843994
112.5	1.433751	4.843973
112.6	1.433758	4.843949
112.7	1.433756	4.843929
112.8	1.433757	4.843911
112.9	1.433758	4.843894
113	1.433757	4.843871
113.1	1.433757	4.84385
113.2	1.433758	4.843827
113.3	1.433758	4.843809
113.4	1.433757	4.843787
113.5	1.433754	4.843764
113.6	1.433753	4.843741
113.7	1.433753	4.843724
113.8	1.433757	4.843702
113.9	1.433754	4.843688
114	1.433751	4.843663
114.1	1.433753	4.84364
114.2	1.433752	4.843629
114.3	1.433753	4.843603
114.4	1.433754	4.843585
114.5	1.433753	4.843559
114.6	1.433751	4.843538
114.7	1.433752	4.843519
114.8	1.433753	4.843499
114.9	1.433753	4.843478
115	1.433753	4.84346
115.1	1.43375	4.843442
115.2	1.433748	4.84342
115.3	1.433749	4.843401
115.4	1.433745	4.843389
115.5	1.433748	4.843362
115.6	1.433749	4.843339
115.7	1.433747	4.843324
115.8	1.43375	4.843305
115.9	1.433744	4.84329
116	1.433749	4.843264
116.1	1.433748	4.843242
116.2	1.433751	4.843222
116.3	1.433752	4.843199
116.4	1.433749	4.84318
116.5	1.433747	4.843157
116.6	1.43375	4.843129
116.7	1.433747	4.843107
116.8	1.433744	4.843083
116.9	1.433746	4.843069
117	1.433743	4.84305
117.1	1.433742	4.84303
117.2	1.433741	4.843011
117.3	1.433743	4.842995
117.4	1.433742	4.842973
117.5	1.433742	4.842951
117.6	1.433743	4.842929
117.7	1.433742	4.842913
117.8	1.433744	4.84289
117.9	1.433742	4.842868
118	1.433741	4.842843
118.1	1.433738	4.842816
118.2	1.433742	4.842802
118.3	1.433742	4.842782
118.4	1.433739	4.842762
118.5	1.433741	4.842742
118.6	1.433742	4.842724
118.7	1.433743	4.842705
118.8	1.43374	4.842686
118.9	1.433741	4.842663
119	1.433739	4.842635
119.1	1.433738	4.842621
119.2	1.433738	4.842597
119.3	1.433738	4.842576
119.4	1.433736	4.842554
119.5	1.433737	4.842534
119.6	1.433739	4.842516
119.7	1.433736	4.842494
119.8	1.433739	4.84247
119.9	1.433739	4.842453
120	1.433738	4.842432
120.1	1.433737	4.842416
120.2	1.433736	4.842394
120.3	1.433738	4.84237
120.4	1.433735	4.842348
120.5	1.433734	4.842325
120.6	1.43373	4.842307
120.7	1.433736	4.842281
120.8	1.433736	4.842265
120.9	1.433732	4.842247
121	1.433737	4.842229
121.1	1.433735	4.842206
121.2	1.433736	4.842185
121.3	1.433735	4.842165
121.4	1.433734	4.842144
121.5	1.433734	4.842122
121.6	1.433735	4.842096
121.7	1.433732	4.842073
121.8	1.433733	4.842053
121.9	1.433734	4.842033
122	1.433734	4.842014
122.1	1.433733	4.841992
122.2	1.433732	4.841971
122.3	1.433733	4.841952
122.4	1.433731	4.841935
122.5	1.433733	4.841917
122.6	1.433731	4.84189
122.7	1.433732	4.841868
122.8	1.433732	4.841847
122.9	1.433731	4.841827
123	1.433735	4.841805
123.1	1.433733	4.841785
123.2	1.433731	4.841766
123.3	1.433733	4.841746
123.4	1.43373	4.841724
123.5	1.433729	4.841702
123.6	1.43373	4.841677
123.7	1.43373	4.84167
123.8	1.433728	4.841692
123.9	1.433727	4.841745
124	1.433728	4.841807
124.1	1.433725	4.841895
124.2	1.433727	4.842057
124.3	1.433727	4.84263
124.4	1.433757	4.845507
124.5	1.433853	4.854634
124.6	1.434068	4.874652
124.7	1.434446	4.910309
124.8	1.435047	4.966291
124.9	1.435918	5.047188
125	1.437097	5.157446
125.1	1.438649	5.301345
125.2	1.440608	5.482906
125.3	1.44302	5.705957
125.4	1.445917	5.974088
125.5	1.449351	6.290637
125.6	1.453341	6.658727
125.7	1.457906	7.079572
125.8	1.463032	7.551927
125.9	1.468701	8.074479
126	1.474901	8.646063
126.1	1.481621	9.265628
126.2	1.488852	9.932254
126.3	1.496593	10.64513
126.4	1.504825	11.40352
126.5	1.513547	12.20672
126.6	1.522752	13.05415
126.7	1.532426	13.94534
126.8	1.54257	14.87993
126.9	1.553186	15.85763
127	1.564272	16.87821
127.1	1.57582	17.94158
127.2	1.587831	19.04769
127.3	1.600312	20.19659
127.4	1.613263	21.38846
127.5	1.626683	22.62352
127.6	1.640947	23.90213
127.7	1.656867	25.2238
127.8	1.674718	26.5867
127.9	1.695745	27.98939
128	1.724312	29.43013
128.1	1.772109	30.90631
128.2	1.860932	32.41422
128.3	2.019681	33.94701
128.4	2.277997	35.49247
128.5	2.659919	37.03303
128.6	3.177502	38.54823
128.7	3.826838	40.01928
128.8	4.58913	41.43351
128.9	5.440055	42.78611
129	6.35539	44.07862
129.1	7.310925	45.31846
129.2	8.280287	46.52077
129.3	9.233267	47.70639
129.4	10.14301	48.89619
129.5	10.98386	50.11094
129.6	11.72746	51.36459
129.7	12.36246	52.65773
129.8	12.89378	53.98758
129.9	13.3333	55.34964
130	13.69558	56.73904
130.1	13.9984	58.15016
130.2	14.26111	59.57726
130.3	14.50618	61.01556
130.4	14.75947	62.46172
130.5	15.04728	63.90951
130.6	15.39978	65.34834
130.7	15.84535	66.76349
130.8	16.39634	68.13751
130.9	17.04739	69.45146
131	17.78546	70.69133
131.1	18.591	71.84915
131.2	19.44112	72.92564
131.3	20.31332	73.92814
131.4	21.18756	74.86712
131.5	22.04752	75.75432
131.6	22.87944	76.60231
131.7	23.67019	77.42007
131.8	24.41309	78.21012
131.9	25.10879	78.97076
132	25.76145	79.70164
132.1	26.3722	80.40536
132.2	26.93797	81.08691
132.3	27.4542	81.75185
132.4	27.91831	82.40423
132.5	28.33102	83.04676
132.6	28.69497	83.68156
132.7	29.01289	84.31094
132.8	29.28635	84.93755
132.9	29.51583	85.56427
133	29.70097	86.19431
133.1	29.84031	86.83189
133.2	29.93212	87.48032
133.3	29.97532	88.14245
133.4	29.96967	88.82088
133.5	29.91572	89.51838
133.6	29.81506	90.23989
133.7	29.67112	90.99197
133.8	29.48956	91.78086
133.9	29.27783	92.61002
134	29.04365	93.48161
134.1	28.79349	94.39713
134.2	28.53243	95.35729
134.3	28.2668	96.36211
134.4	28.00597	97.41127
134.5	27.76136	98.50396
134.6	27.54332	99.63812
134.7	27.35887	100.8107
134.8	27.21488	102.0174
134.9	27.11989	103.2521
135	27.07868	104.5085
135.1	27.09505	105.7807
135.2	27.17613	107.0612
135.3	27.32959	108.3418
135.4	27.55828	109.6137
135.5	27.86038	110.8689
135.6	28.23101	112.0997
135.7	28.66111	113.3003
135.8	29.13834	114.4675
135.9	29.64902	115.6012
136	30.17931	116.7035
136.1	30.71677	117.7773
136.2	31.25381	118.8249
136.3	31.78559	119.8489
136.4	32.30833	120.8514
136.5	32.81767	121.8358
136.6	33.3063	122.8069
136.7	33.76635	123.7689
136.8	34.19521	124.7243
136.9	34.5961	125.6743
137	34.97334	126.6195
137.1	35.32972	127.561
137.2	35.66563	128.5005
137.3	35.97898	129.4401
137.4	36.26846	130.3812
137.5	36.53417	131.3261
137.6	36.77674	132.2761
137.7	36.99731	133.2331
137.8	37.19689	134.1982
137.9	37.37681	135.1727
138	37.54007	136.1568
138.1	37.69243	137.1505
138.2	37.84184	138.1535
138.3	37.99671	139.1643
138.4	38.16439	140.1809
138.5	38.34952	141.2012
138.6	38.55417	142.2232
138.7	38.7786	143.2444
138.8	39.02092	144.2632
138.9	39.27655	145.2791
139	39.53918	146.2928
139.1	39.80224	147.3052
139.2	40.06203	148.3163
139.3	40.32029	149.3259
139.4	40.58269	150.3327
139.5	40.85582	151.3344
139.6	41.14461	152.3279
139.7	41.45097	153.311
139.8	41.77413	154.2825
139.9	42.11236	155.2404
140	42.4629	156.1825
140.1	42.82335	157.1084
140.2	43.19225	158.0171
140.3	43.56758	158.909
140.4	43.94673	159.7841
140.5	44.32718	160.643
140.6	44.70638	161.4865
140.7	45.08042	162.3164
140.8	45.44415	163.1358
140.9	45.79251	163.948
141	46.12169	164.7558
141.1	46.42994	165.5619
141.2	46.71614	166.3693
141.3	46.97891	167.1801
141.4	47.21733	167.9964
141.5	47.43209	168.8195
141.6	47.62569	169.6509
141.7	47.80175	170.4916
141.8	47.9632	171.3431
141.9	48.11226	172.2056
142	48.25116	173.0792
142.1	48.38251	173.964
142.2	48.50841	174.8601
142.3	48.6292	175.7673
142.4	48.74247	176.6859
142.5	48.84365	177.6168
142.6	48.93004	178.5614
142.7	49.0064	179.5195
142.8	49.08314	180.4899
142.9	49.16835	181.4712
143	49.26482	182.4628
143.1	49.37181	183.464
143.2	49.48486	184.4743
143.3	49.59932	185.4931
143.4	49.71393	186.5192
143.5	49.83121	187.5513
143.6	49.95509	188.5882
143.7	50.08851	189.6287
143.8	50.23269	190.6721
143.9	50.38764	191.7175
144	50.55328	192.7636
144.1	50.72989	193.8093
144.2	50.91795	194.8531
144.3	51.11759	195.8939
144.4	51.32838	196.9306
144.5	51.54962	197.9624
144.6	51.78049	198.9882
144.7	52.02015	200.0074
144.8	52.26746	201.0193
144.9	52.52119	202.0235
145	52.78025	203.0201
145.1	53.04531	204.0089
145.2	53.3193	204.9886
145.3	53.60538	205.9575
145.4	53.90438	206.9138
145.5	54.21354	207.8577
145.6	54.52841	208.7907
145.7	54.84691	209.7132
145.8	55.16975	210.6238
145.9	55.49727	211.5222
146	55.82709	212.4094
146.1	56.15524	213.2873
146.2	56.47742	214.1583
146.3	56.78909	215.025
146.4	57.08583	215.8898
146.5	57.36498	216.7546
146.6	57.62647	217.6214
146.7	57.87065	218.4922
146.8	58.0969	219.3686
146.9	58.30478	220.2516
147	58.49571	221.1421
147.1	58.67358	222.0406
147.2	58.84343	222.9472
147.3	59.01014	223.8612
147.4	59.17714	224.782
147.5	59.34526	225.7094
147.6	59.51446	226.6438
147.7	59.68675	227.5842
147.8	59.86363	228.5298
147.9	60.04315	229.4809
148	60.2219	230.4381
148.1	60.39564	231.4003
148.2	60.56005	232.3648
148.3	60.71212	233.3293
148.4	60.84999	234.2922
148.5	60.97211	235.2515
148.6	61.07717	236.2055
148.7	61.16432	237.153
148.8	61.23303	238.0931
148.9	61.28288	239.0251
149	61.31338	239.9489
149.1	61.32414	240.8651
149.2	61.3148	241.7759
149.3	61.28539	242.685
149.4	61.23587	243.594
149.5	61.16634	244.5048
149.6	61.07711	245.4188
149.7	60.96869	246.3378
149.8	60.84152	247.2634
149.9	60.69636	248.1971
150	60.53394	249.1405
150.1	60.35505	250.0949
150.2	60.16059	251.0618
150.3	59.95155	252.0423
150.4	59.72905	253.0376
150.5	59.49427	254.0488
150.6	59.2484	255.0769
150.7	58.99273	256.1225
150.8	58.72864	257.1865
150.9	58.45758	258.2695
151	58.18104	259.372
151.1	57.90053	260.4942
151.2	57.61759	261.6364
151.3	57.33385	262.7986
151.4	57.05099	263.9808
151.5	56.77062	265.1828
151.6	56.49438	266.4044
151.7	56.22393	267.6449
151.8	55.9609	268.9039
151.9	55.70694	270.1807
152	55.4636	271.4744
152.1	55.23236	272.7841
152.2	55.01467	274.1086
152.3	54.81194	275.4468
152.4	54.62545	276.7974
152.5	54.45631	278.1588
152.6	54.30552	279.5297
152.7	54.17411	280.9084
152.8	54.06278	282.2933
152.9	53.97207	283.6825
153	53.90244	285.0744
153.1	53.85417	286.4677
153.2	53.82733	287.8596
153.3	53.82177	289.2487
153.4	53.83723	290.6333
153.5	53.87326	292.0116
153.6	53.92916	293.382
153.7	54.0041	294.7428
153.8	54.09711	296.0925
153.9	54.20708	297.4295
154	54.33271	298.7526
154.1	54.47259	300.0605
154.2	54.62524	301.3523
154.3	54.78908	302.6269
154.4	54.96242	303.8835
154.5	55.1435	305.1213
154.6	55.3306	306.3401
154.7	55.52192	307.5395
154.8	55.71568	308.7191
154.9	55.91007	309.879
155	56.10339	311.0192
155.1	56.29388	312.14
155.2	56.47993	313.2415
155.3	56.65993	314.3245
155.4	56.83234	315.3895
155.5	56.99573	316.4372
155.6	57.14878	317.4685
155.7	57.29025	318.4841
155.8	57.419	319.4852
155.9	57.53398	320.473
156	57.63426	321.4485
156.1	57.71903	322.413
156.2	57.78757	323.368
156.3	57.8393	324.3146
156.4	57.87375	325.2543
156.5	57.89054	326.1888
156.6	57.88942	327.1192
156.7	57.87025	328.0475
156.8	57.83302	328.9741
156.9	57.77783	329.902
157	57.7049	330.8321
157.1	57.61454	331.7657
157.2	57.50719	332.7046
157.3	57.38336	333.6499
157.4	57.24364	334.6032
157.5	57.08874	335.5658
157.6	56.91946	336.5388
157.7	56.73667	337.5237
157.8	56.54133	338.5211
157.9	56.33441	339.5324
158	56.117	340.5584
158.1	55.89025	341.5998
158.2	55.6554	342.6574
158.3	55.41368	343.7318
158.4	55.16641	344.8235
158.5	54.91488	345.9327
158.6	54.66053	347.0598
158.7	54.40479	348.2049
158.8	54.14907	349.3679
158.9	53.89483	350.5488
159	53.64353	351.7473
159.1	53.39665	352.9631
159.2	53.15563	354.1957
159.3	52.9219	355.4446
159.4	52.69684	356.7091
159.5	52.48176	357.9883
159.6	52.278	359.2813
159.7	52.08678	360.587
159.8	51.90925	361.9044
159.9	51.7464	363.2324
160	51.59926	364.5694
160.1	51.46864	365.9143
160.2	51.35523	367.2656
160.3	51.2596	368.6217
160.4	51.18225	369.9812
160.5	51.12347	371.3426
160.6	51.08337	372.7039
160.7	51.06193	374.0641
160.8	51.05906	375.4213
160.9	51.07441	376.774
161	51.10748	378.1207
161.1	51.15765	379.46
161.2	51.22421	380.7903
161.3	51.30624	382.1105
161.4	51.40268	383.4193
161.5	51.51242	384.7154
161.6	51.63424	385.9981
161.7	51.76678	387.2662
161.8	51.90865	388.5191
161.9	52.05837	389.756
162	52.21445	390.9763
162.1	52.37533	392.1797
162.2	52.53949	393.3659
162.3	52.70535	394.5348
162.4	52.87133	395.6862
162.5	53.03598	396.8205
162.6	53.1978	397.9376
162.7	53.35534	399.038
162.8	53.50723	400.122
162.9	53.65213	401.1904
163	53.78883	402.2437
163.1	53.91612	403.2827
163.2	54.03301	404.3082
163.3	54.13845	405.3212
163.4	54.23154	406.3226
163.5	54.3115	407.3135
163.6	54.37763	408.2951
163.7	54.42934	409.2685
163.8	54.46611	410.2349
163.9	54.48754	411.1956
164	54.49333	412.1521
164.1	54.4833	413.1053
164.2	54.45736	414.057
164.3	54.41551	415.0078
164.4	54.35788	415.9602
164.5	54.28468	416.9149
164.6	54.19619	417.8731
164.7	54.09282	418.8363
164.8	53.97504	419.8056
164.9	53.84341	420.7823
165	53.6986	421.7675
165.1	53.54133	422.7623
165.2	53.37237	423.7677
165.3	53.19255	424.7847
165.4	53.00283	425.8141
165.5	52.80421	426.8567
165.6	52.59773	427.9131
165.7	52.38445	428.984
165.8	52.16548	430.0698
165.9	51.94202	431.171
166	51.71528	432.2878
166.1	51.4865	433.4204
166.2	51.25694	434.5689
166.3	51.02784	435.7332
166.4	50.8005	436.9131
166.5	50.57621	438.1086
166.6	50.35625	439.3192
166.7	50.14188	440.5445
166.8	49.93431	441.7839
166.9	49.73476	443.0367
167	49.54438	444.3023
167.1	49.36429	445.5797
167.2	49.19549	446.8681
167.3	49.03894	448.1664
167.4	48.89557	449.4736
167.5	48.76614	450.7885
167.6	48.6513	452.1099
167.7	48.55164	453.4364
167.8	48.46765	454.767
167.9	48.39966	456.1002
168	48.34783	457.4342
168.1	48.31227	458.7682
168.2	48.29296	460.1007
168.3	48.2897	461.4303
168.4	48.30214	462.7557
168.5	48.32986	464.0756
168.6	48.37233	465.3886
168.7	48.42881	466.6936
168.8	48.4985	467.9894
168.9	48.58051	469.2751
169	48.67385	470.5496
169.1	48.77741	471.8121
169.2	48.89005	473.0617
169.3	49.01055	474.2979
169.4	49.13765	475.52
169.5	49.27001	476.7276
169.6	49.40633	477.9203
169.7	49.54527	479.0978
169.8	49.68546	480.2602
169.9	49.82559	481.4074
170	49.96432	482.5395
170.1	50.10039	483.6567
170.2	50.23256	484.7593
170.3	50.35962	485.8477
170.4	50.48043	486.9224
170.5	50.59391	487.9839
170.6	50.69907	489.0331
170.7	50.79496	490.0705
170.8	50.88071	491.097
170.9	50.95555	492.1136
171	51.01881	493.1212
171.1	51.06987	494.1206
171.2	51.10821	495.1132
171.3	51.1334	496.0997
171.4	51.14509	497.0815
171.5	51.14304	498.0598
171.6	51.12711	499.0355
171.7	51.0972	500.0104
171.8	51.05335	500.9853
171.9	50.99567	501.9608
172	50.92433	502.9385
172.1	50.83962	503.9196
172.2	50.74191	504.9054
172.3	50.63162	505.8967
172.4	50.50927	506.8946
172.5	50.37543	507.9003
172.6	50.23076	508.9145
172.7	50.07593	509.9382
172.8	49.91176	510.9721
172.9	49.73908	512.0172
173	49.55877	513.074
173.1	49.37172	514.1429
173.2	49.17891	515.2247
173.3	48.98137	516.3198
173.4	48.78016	517.4282
173.5	48.57632	518.5504
173.6	48.37091	519.6863
173.7	48.16509	520.8365
173.8	47.95992	522.0004
173.9	47.75659	523.178
174	47.55618	524.3691
174.1	47.35981	525.5735
174.2	47.16856	526.7906
174.3	46.98354	528.02
174.4	46.80577	529.2609
174.5	46.63621	530.5129
174.6	46.47579	531.7751
174.7	46.32543	533.0468
174.8	46.18595	534.327
174.9	46.05808	535.6147
175	45.94245	536.9089
175.1	45.83963	538.2087
175.2	45.75013	539.5128
175.3	45.67429	540.8203
175.4	45.61235	542.1292
175.5	45.5645	543.4405
175.6	45.53079	544.7507
175.7	45.51114	546.059
175.8	45.50534	547.3646
175.9	45.51315	548.6662
176	45.53416	549.9631
176.1	45.56785	551.2537
176.2	45.61358	552.5374
176.3	45.67069	553.8128
176.4	45.73839	555.0793
176.5	45.81578	556.336
176.6	45.90199	557.5821
176.7	45.99596	558.817
176.8	46.09669	560.04
176.9	46.20304	561.2509
177	46.3139	562.4489
177.1	46.4281	563.634
177.2	46.54448	564.8059
177.3	46.66188	565.9645
177.4	46.77913	567.1098
177.5	46.89511	568.2418
177.6	47.0087	569.361
177.7	47.11879	570.4673
177.8	47.22435	571.5612
177.9	47.32441	572.6431
178	47.41801	573.7136
178.1	47.5043	574.7733
178.2	47.58243	575.8228
178.3	47.65168	576.8628
178.4	47.71139	577.8943
178.5	47.76091	578.9177
178.6	47.79972	579.9344
178.7	47.82737	580.9449
178.8	47.8435	581.9506
178.9	47.8478	582.9519
179	47.84007	583.9504
179.1	47.82015	584.9465
179.2	47.788	585.9426
179.3	47.74364	586.9387
179.4	47.68716	587.9348
179.5	47.61873	588.9335
179.6	47.53862	589.9349
179.7	47.44714	590.9407
179.8	47.34469	591.9514
179.9	47.23171	592.968
180	47.10869	593.9914
180.1	46.97624	595.0224
180.2	46.83502	596.0618
180.3	46.6857	597.1102
180.4	46.52899	598.1684
180.5	46.36567	599.2369
180.6	46.19659	600.316
180.7	46.02259	601.4066
180.8	45.84459	602.5087
180.9	45.66348	603.6225
181	45.48019	604.7484
181.1	45.29572	605.8866
181.2	45.11101	607.0369
181.3	44.92708	608.1993
181.4	44.74487	609.3737
181.5	44.56535	610.5597
181.6	44.38954	611.7573
181.7	44.21836	612.9662
181.8	44.05274	614.1855
181.9	43.89355	615.415
182	43.74165	616.6541
182.1	43.59785	617.902
182.2	43.46291	619.1581
182.3	43.33752	620.4214
182.4	43.22225	621.6913
182.5	43.11769	622.9669
182.6	43.02435	624.2468
182.7	42.94258	625.5305
182.8	42.87268	626.8173
182.9	42.81487	628.105
183	42.7693	629.395
183.1	42.73598	630.6835
183.2	42.71479	631.9705
183.3	42.70561	633.255
183.4	42.70821	634.5363
183.5	42.7222	635.8128
183.6	42.74711	637.0842
183.7	42.78242	638.3493
183.8	42.82756	639.6074
183.9	42.88182	640.8577
184	42.94443	642.0994
184.1	43.0146	643.3318
184.2	43.09147	644.5544
184.3	43.17412	645.7668
184.4	43.26159	646.9683
184.5	43.35293	648.1589
184.6	43.44717	649.3382
184.7	43.54328	650.506
184.8	43.64025	651.6622
184.9	43.73711	652.8068
185	43.83287	653.94
185.1	43.92658	655.0618
185.2	44.01729	656.1724
185.3	44.10411	657.2723
185.4	44.18616	658.3617
185.5	44.26264	659.4411
185.6	44.33276	660.5111
185.7	44.39578	661.5723
185.8	44.45108	662.6253
185.9	44.49805	663.6705
186	44.53615	664.709
186.1	44.56494	665.7415
186.2	44.58397	666.7689
186.3	44.59293	667.7915
186.4	44.59157	668.8107
186.5	44.57969	669.8277
186.6	44.55715	670.8419
186.7	44.52393	671.8561
186.8	44.48003	672.8703
186.9	44.42553	673.8845
187	44.3606	674.9017
187.1	44.28546	675.9213
187.2	44.20041	676.9443
187.3	44.1058	677.972
187.4	44.00191	679.0047
187.5	43.88929	680.0434
187.6	43.76844	681.0886
187.7	43.63992	682.1415
187.8	43.50432	683.2021
187.9	43.36227	684.2711
188	43.21449	685.3494
188.1	43.0617	686.437
188.2	42.90466	687.5344
188.3	42.74414	688.6419
188.4	42.58096	689.7599
188.5	42.41596	690.8882
188.6	42.25	692.0273
188.7	42.0839	693.1768
188.8	41.91855	694.3371
188.9	41.75479	695.5078
189	41.59348	696.6888
189.1	41.43547	697.8798
189.2	41.28157	699.0804
189.3	41.13257	700.2902
189.4	40.98923	701.509
189.5	40.85231	702.7358
189.6	40.72249	703.9706
189.7	40.60042	705.2123
189.8	40.48666	706.4604
189.9	40.38175	707.714
190	40.28622	708.9725
190.1	40.20037	710.2347
190.2	40.12457	711.5005
190.3	40.05906	712.7689
190.4	40.00405	714.0377
190.5	39.95962	715.3065
190.6	39.92577	716.5752
190.7	39.90244	717.8439
190.8	39.88952	719.1099
190.9	39.88678	720.3732
191	39.89389	721.6324
191.1	39.91046	722.8873
191.2	39.93604	724.1366
191.3	39.97012	725.3799
191.4	40.01209	726.616
191.5	40.06132	727.845
191.6	40.11711	729.0657
191.7	40.17872	730.2781
191.8	40.24533	731.4816
191.9	40.31618	732.6757
192	40.39042	733.8602
192.1	40.46719	735.0349
192.2	40.54562	736.1995
192.3	40.62481	737.3542
192.4	40.70393	738.4988
192.5	40.78213	739.6332
192.6	40.85859	740.7578
192.7	40.93246	741.8727
192.8	41.00299	742.9783
192.9	41.0694	744.0747
193	41.13097	745.1624
193.1	41.18702	746.2419
193.2	41.23694	747.3137
193.3	41.28014	748.3783
193.4	41.31611	749.4363
193.5	41.34436	750.4882
193.6	41.36448	751.5348
193.7	41.37613	752.5771
193.8	41.37902	753.6153
193.9	41.37291	754.6506
194	41.35764	755.683
194.1	41.33309	756.7151
194.2	41.29921	757.7445
194.3	41.25599	758.774
194.4	41.20354	759.8063
194.5	41.14202	760.839
194.6	41.07157	761.8744
194.7	40.99244	762.9131
194.8	40.90491	763.9556
194.9	40.80937	765.0023
195	40.7062	766.0543
195.1	40.59584	767.1122
195.2	40.47879	768.1766
195.3	40.35555	769.2479
195.4	40.22671	770.3264
195.5	40.09288	771.413
195.6	39.9547	772.5077
195.7	39.81281	773.6109
195.8	39.66791	774.723
195.9	39.52073	775.8441
196	39.37197	776.9744
196.1	39.22238	778.114
196.2	39.07267	779.2627
196.3	38.92363	780.4207
196.4	38.77597	781.5878
196.5	38.63047	782.7639
196.6	38.48785	783.9485
196.7	38.34882	785.1417
196.8	38.21407	786.343
196.9	38.08428	787.5518
197	37.96007	788.768
197.1	37.84201	789.9908
197.2	37.73067	791.2198
197.3	37.62654	792.454
197.4	37.53011	793.6936
197.5	37.44178	794.9371
197.6	37.36185	796.1841
197.7	37.29063	797.4341
197.8	37.22836	798.6858
197.9	37.17516	799.9394
198	37.13111	801.193
198.1	37.09621	802.4466
198.2	37.07046	803.6991
198.3	37.05369	804.9496
198.4	37.04572	806.1974
198.5	37.04631	807.442
198.6	37.05514	808.6823
198.7	37.0718	809.9183
198.8	37.09582	811.149
198.9	37.12671	812.3737
199	37.16393	813.5919
199.1	37.20688	814.8032
199.2	37.25491	816.0073
199.3	37.30735	817.2034
199.4	37.3635	818.3915
199.5	37.42263	819.5714
199.6	37.48402	820.7427
199.7	37.5469	821.9053
199.8	37.61054	823.059
199.9	37.67418	824.2041
200	37.73709	825.3405
200.1	37.79852	826.4683
200.2	37.85779	827.5876
200.3	37.91421	828.6987
200.4	37.96711	829.8018
200.5	38.01587	830.8973
200.6	38.05989	831.9857
200.7	38.09865	833.0672
200.8	38.13163	834.1424
200.9	38.15835	835.2119
201	38.1784	836.2761
201.1	38.19143	837.3356
201.2	38.1971	838.391
201.3	38.19515	839.4431
201.4	38.18537	840.4925
201.5	38.16761	841.54
201.6	38.14176	842.5856
201.7	38.10776	843.63
201.8	38.06562	844.6744
201.9	38.01541	845.72
202	37.95725	846.7675
202.1	37.89128	847.8168
202.2	37.81771	848.8688
202.3	37.7368	849.9239
202.4	37.64886	850.9829
202.5	37.55422	852.0467
202.6	37.45327	853.1154
202.7	37.34643	854.1896
202.8	37.23419	855.2699
202.9	37.11703	856.3566
203	36.9955	857.45
203.1	36.87014	858.5507
203.2	36.74155	859.6588
203.3	36.61034	860.7745
203.4	36.4771	861.898
203.5	36.34252	863.0297
203.6	36.20718	864.1694
203.7	36.07175	865.3171
203.8	35.9369	866.4728
203.9	35.80325	867.6365
204	35.67147	868.808
204.1	35.54218	869.9871
204.2	35.416	871.1736
204.3	35.29355	872.367
204.4	35.17542	873.5671
204.5	35.06213	874.7735
204.6	34.95421	875.9858
204.7	34.85214	877.2034
204.8	34.75636	878.4257
204.9	34.66724	879.6525
205	34.58513	880.8829
205.1	34.51032	882.1163
205.2	34.44307	883.3517
205.3	34.38356	884.59
205.4	34.33191	885.8285
205.5	34.28817	887.0669
205.6	34.2524	888.3053
205.7	34.22453	889.5437
205.8	34.20446	890.78
205.9	34.19199	892.0144
206	34.18696	893.2458
206.1	34.18907	894.4738
206.2	34.19795	895.6981
206.3	34.21321	896.9173
206.4	34.23445	898.1317
206.5	34.26118	899.3406
206.6	34.29288	900.5434
206.7	34.329	901.7397
206.8	34.36898	902.9295
206.9	34.41224	904.1124
207	34.45813	905.2878
207.1	34.50602	906.456
207.2	34.55528	907.6166
207.3	34.60527	908.7697
207.4	34.65535	909.915
207.5	34.70483	911.0529
207.6	34.75308	912.183
207.7	34.79951	913.3061
207.8	34.84349	914.4221
207.9	34.88445	915.5308
208	34.92186	916.6331
208.1	34.95522	917.7291
208.2	34.98404	918.8192
208.3	35.00785	919.9038
208.4	35.02627	920.9832
208.5	35.03891	922.0582
208.6	35.04548	923.1288
208.7	35.04568	924.1961
208.8	35.03929	925.2604
208.9	35.02611	926.3226
209	35.006	927.3821
209.1	34.97887	928.4417
209.2	34.94466	929.5001
209.3	34.90336	930.5578
209.4	34.85504	931.6174
209.5	34.79978	932.677
209.6	34.7377	933.7387
209.7	34.669	934.8024
209.8	34.5939	935.8691
209.9	34.51263	936.9391
210	34.4255	938.0128
210.1	34.33284	939.0912
210.2	34.23506	940.1741
210.3	34.13255	941.2624
210.4	34.02574	942.3563
210.5	33.91508	943.4561
210.6	33.80109	944.5619
210.7	33.68426	945.6743
210.8	33.56513	946.7935
210.9	33.44424	947.9194
211	33.32212	949.0522
211.1	33.19933	950.192
211.2	33.07646	951.3389
211.3	32.95409	952.4927
211.4	32.83276	953.6533
211.5	32.71304	954.8209
211.6	32.59547	955.9951
211.7	32.48059	957.1756
211.8	32.36893	958.3622
211.9	32.26098	959.5546
212	32.15722	960.7524
212.1	32.05811	961.9557
212.2	31.96403	963.1631
212.3	31.87539	964.3752
212.4	31.79249	965.5909
212.5	31.71566	966.8098
212.6	31.64514	968.0312
212.7	31.58117	969.2545
212.8	31.52388	970.4802
212.9	31.47338	971.7065
213	31.42975	972.9329
213.1	31.39299	974.1591
213.2	31.36305	975.3854
213.3	31.33985	976.6096
213.4	31.32327	977.8325
213.5	31.31313	979.0527
213.6	31.30918	980.2699
213.7	31.31112	981.4835
213.8	31.31862	982.6932
213.9	31.33134	983.8989
214	31.34886	985.0995
214.1	31.37073	986.295
214.2	31.39649	987.485
214.3	31.42566	988.6693
214.4	31.45771	989.8475
214.5	31.4921	991.0195
214.6	31.52827	992.1851
214.7	31.5657	993.3441
214.8	31.60381	994.4966
214.9	31.64204	995.6423
215	31.67983	996.7815
215.1	31.71662	997.9141
215.2	31.75187	999.0405
215.3	31.78505	1000.161
215.4	31.81566	1001.275
215.5	31.84326	1002.383
215.6	31.86738	1003.486
215.7	31.88761	1004.583
215.8	31.90353	1005.676
215.9	31.91483	1006.764
216	31.92114	1007.849
216.1	31.92219	1008.93
216.2	31.91772	1010.007
216.3	31.90753	1011.082
216.4	31.89145	1012.155
216.5	31.86935	1013.226
216.6	31.84113	1014.296
216.7	31.80673	1015.365
216.8	31.76618	1016.433
216.9	31.71951	1017.502
217	31.66679	1018.573
217.1	31.60815	1019.645
217.2	31.54372	1020.72
217.3	31.47369	1021.796
217.4	31.39829	1022.876
217.5	31.31777	1023.959
217.6	31.23246	1025.045
217.7	31.14267	1026.136
217.8	31.04875	1027.231
217.9	30.95106	1028.331
218	30.85001	1029.436
218.1	30.74603	1030.546
218.2	30.63956	1031.662
218.3	30.53103	1032.784
218.4	30.42094	1033.912
218.5	30.30976	1035.046
218.6	30.198	1036.186
218.7	30.08612	1037.332
218.8	29.97464	1038.484
218.9	29.86402	1039.642
219	29.75477	1040.806
219.1	29.64737	1041.976
219.2	29.54229	1043.151
219.3	29.44001	1044.331
219.4	29.34096	1045.517
219.5	29.24553	1046.707
219.6	29.15412	1047.902
219.7	29.06709	1049.101
219.8	28.98481	1050.303
219.9	28.90749	1051.51
220	28.83543	1052.718
220.1	28.76885	1053.929
220.2	28.70794	1055.143
220.3	28.65279	1056.357
220.4	28.6035	1057.571
220.5	28.56017	1058.785
220.6	28.52279	1059.999
220.7	28.49129	1061.214
220.8	28.4656	1062.428
220.9	28.44561	1063.642
221	28.43113	1064.85
221.1	28.42191	1066.058
221.2	28.41773	1067.262
221.3	28.41835	1068.464
221.4	28.42346	1069.661
221.5	28.43271	1070.855
221.6	28.44572	1072.044
221.7	28.46213	1073.228
221.8	28.48146	1074.407
221.9	28.50329	1075.581
222	28.52717	1076.75
222.1	28.55266	1077.913
222.2	28.57928	1079.071
222.3	28.60653	1080.223
222.4	28.63392	1081.369
222.5	28.66096	1082.51
222.6	28.68716	1083.645
222.7	28.71206	1084.775
222.8	28.7352	1085.898
222.9	28.75616	1087.017
223	28.77454	1088.131
223.1	28.78994	1089.24
223.2	28.80202	1090.345
223.3	28.81043	1091.445
223.4	28.81493	1092.542
223.5	28.81517	1093.635
223.6	28.81093	1094.725
223.7	28.80195	1095.812
223.8	28.78805	1096.899
223.9	28.76913	1097.98
224	28.74506	1099.061
224.1	28.71577	1100.141
224.2	28.6812	1101.222
224.3	28.64133	1102.303
224.4	28.59618	1103.384
224.5	28.54579	1104.464
224.6	28.49022	1105.545
224.7	28.42964	1106.629
224.8	28.36427	1107.716
224.9	28.29424	1108.803
225	28.21981	1109.896
225.1	28.14121	1110.989
225.2	28.05871	1112.088
225.3	27.97262	1113.19
225.4	27.88329	1114.295
225.5	27.79106	1115.406
225.6	27.69628	1116.521
225.7	27.59934	1117.641
225.8	27.50062	1118.765
225.9	27.40055	1119.895
226	27.29954	1121.03
226.1	27.198	1122.17
226.2	27.09636	1123.316
226.3	26.99499	1124.467
226.4	26.8943	1125.622
226.5	26.79473	1126.783
226.6	26.6967	1127.948
226.7	26.60062	1129.12
226.8	26.50689	1130.295
226.9	26.4159	1131.474
227	26.32805	1132.658
227.1	26.2436	1133.845
227.2	26.16288	1135.035
227.3	26.08612	1136.231
227.4	26.01362	1137.427
227.5	25.94563	1138.627
227.6	25.88231	1139.829
227.7	25.82379	1141.031
227.8	25.77018	1142.233
227.9	25.72162	1143.44
228	25.67823	1144.648
228.1	25.64	1145.856
228.2	25.60687	1147.062
228.3	25.57875	1148.264
228.4	25.55554	1149.466
228.5	25.53705	1150.668
228.6	25.52315	1151.867
228.7	25.51356	1153.063
228.8	25.5081	1154.258
228.9	25.5065	1155.448
229	25.50852	1156.635
229.1	25.51382	1157.818
229.2	25.52212	1158.997
229.3	25.53299	1160.172
229.4	25.54605	1161.343
229.5	25.5609	1162.509
229.6	25.57716	1163.67
229.7	25.59441	1164.826
229.8	25.6123	1165.978
229.9	25.63041	1167.125
230	25.64837	1168.266
230.1	25.66576	1169.403
230.2	25.68216	1170.535
230.3	25.69719	1171.662
230.4	25.71049	1172.786
230.5	25.72167	1173.903
230.6	25.73043	1175.018
230.7	25.73639	1176.129
230.8	25.73927	1177.234
230.9	25.73877	1178.338
231	25.73463	1179.437
231.1	25.72665	1180.536
231.2	25.71462	1181.629
231.3	25.69839	1182.722
231.4	25.67783	1183.815
231.5	25.65282	1184.904
231.6	25.62321	1185.991
231.7	25.58896	1187.078
231.8	25.55004	1188.164
231.9	25.50649	1189.251
232	25.45832	1190.338
232.1	25.40559	1191.427
232.2	25.34845	1192.52
232.3	25.28706	1193.613
232.4	25.22156	1194.706
232.5	25.15218	1195.805
232.6	25.07914	1196.904
232.7	25.00264	1198.009
232.8	24.92291	1199.114
232.9	24.84027	1200.225
233	24.75504	1201.339
233.1	24.66753	1202.456
233.2	24.57807	1203.579
233.3	24.487	1204.705
233.4	24.39463	1205.835
233.5	24.30135	1206.971
233.6	24.20756	1208.111
233.7	24.11362	1209.255
233.8	24.01992	1210.403
233.9	23.92684	1211.557
234	23.83473	1212.715
234.1	23.744	1213.878
234.2	23.65497	1215.043
234.3	23.56796	1216.215
234.4	23.48327	1217.389
234.5	23.40123	1218.567
234.6	23.3221	1219.748
234.7	23.24618	1220.932
234.8	23.17374	1222.12
234.9	23.10505	1223.31
235	23.04022	1224.5
235.1	22.97942	1225.696
235.2	22.92281	1226.892
235.3	22.87047	1228.088
235.4	22.82249	1229.284
235.5	22.77892	1230.479
235.6	22.73977	1231.675
235.7	22.70497	1232.871
235.8	22.67448	1234.067
235.9	22.6482	1235.263
236	22.62602	1236.459
236.1	22.60781	1237.65
236.2	22.59338	1238.84
236.3	22.58252	1240.029
236.4	22.575	1241.212
236.5	22.57065	1242.396
236.6	22.56922	1243.573
236.7	22.57045	1244.749
236.8	22.57399	1245.921
236.9	22.57956	1247.089
237	22.58683	1248.253
237.1	22.59544	1249.413
237.2	22.60504	1250.568
237.3	22.61525	1251.72
237.4	22.6257	1252.868
237.5	22.63605	1254.01
237.6	22.64592	1255.149
237.7	22.65497	1256.284
237.8	22.66287	1257.414
237.9	22.66931	1258.541
238	22.67393	1259.664
238.1	22.67642	1260.782
238.2	22.67652	1261.9
238.3	22.67397	1263.011
238.4	22.66854	1264.122
238.5	22.66	1265.227
238.6	22.64818	1266.332
238.7	22.63292	1267.434
238.8	22.61404	1268.533
238.9	22.59146	1269.632
239	22.56505	1270.731
239.1	22.53472	1271.83
239.2	22.50041	1272.929
239.3	22.46208	1274.024
239.4	22.41971	1275.122
239.5	22.37338	1276.221
239.6	22.32314	1277.32
239.7	22.26907	1278.419
239.8	22.21132	1279.518
239.9	22.15002	1280.619
240	22.08537	1281.724
240.1	22.01755	1282.829
240.2	21.94672	1283.938
240.3	21.87312	1285.049
240.4	21.79696	1286.164
240.5	21.71849	1287.281
240.6	21.63799	1288.403
240.7	21.55578	1289.526
240.8	21.47215	1290.655
240.9	21.38742	1291.787
241	21.30191	1292.923
241.1	21.21589	1294.063
241.2	21.12965	1295.207
241.3	21.04357	1296.354
241.4	20.95793	1297.506
241.5	20.87306	1298.661
241.6	20.78926	1299.82
241.7	20.70683	1300.983
241.8	20.62606	1302.149
241.9	20.54726	1303.319
242	20.47071	1304.491
242.1	20.39664	1305.667
242.2	20.32535	1306.845
242.3	20.25697	1308.026
242.4	20.19175	1309.21
242.5	20.12976	1310.394
242.6	20.07115	1311.58
242.7	20.01614	1312.77
242.8	19.96481	1313.959
242.9	19.91723	1315.149
243	19.87346	1316.339
243.1	19.83352	1317.529
243.2	19.79736	1318.719
243.3	19.76492	1319.909
243.4	19.73613	1321.099
243.5	19.7109	1322.288
243.6	19.68911	1323.472
243.7	19.67059	1324.656
243.8	19.6552	1325.839
243.9	19.64271	1327.017
244	19.63292	1328.195
244.1	19.62568	1329.37
244.2	19.62073	1330.541
244.3	19.61786	1331.71
244.4	19.61679	1332.875
244.5	19.61726	1334.037
244.6	19.61895	1335.196
244.7	19.62155	1336.35
244.8	19.62476	1337.502
244.9	19.62825	1338.649
245	19.63171	1339.793
245.1	19.63484	1340.934
245.2	19.63735	1342.07
245.3	19.63898	1343.203
245.4	19.63943	1344.332
245.5	19.63842	1345.459
245.6	19.63564	1346.582
245.7	19.6309	1347.702
245.8	19.62393	1348.819
245.9	19.61455	1349.935
246	19.60253	1351.046
246.1	19.58774	1352.157
246.2	19.57006	1353.265
246.3	19.54931	1354.37
246.4	19.52534	1355.475
246.5	19.49804	1356.58
246.6	19.46736	1357.685
246.7	19.43323	1358.79
246.8	19.3956	1359.895
246.9	19.35445	1361
247	19.30982	1362.105
247.1	19.26177	1363.21
247.2	19.21034	1364.315
247.3	19.15567	1365.42
247.4	19.09789	1366.525
247.5	19.03712	1367.635
247.6	18.97356	1368.746
247.7	18.90736	1369.857
247.8	18.8387	1370.973
247.9	18.76781	1372.09
248	18.69485	1373.211
248.1	18.62008	1374.334
248.2	18.54369	1375.461
248.3	18.46597	1376.59
248.4	18.38721	1377.723
248.5	18.30768	1378.859
248.6	18.22768	1379.999
248.7	18.14746	1381.141
248.8	18.06736	1382.289
248.9	17.98767	1383.438
249	17.90867	1384.591
249.1	17.8306	1385.748
249.2	17.75376	1386.907
249.3	17.67838	1388.07
249.4	17.60476	1389.236
249.5	17.53303	1390.403
249.6	17.46342	1391.575
249.7	17.39611	1392.747
249.8	17.33126	1393.924
249.9	17.26906	1395.101
250	17.20965	1396.279
250.1	17.15316	1397.458
250.2	17.09977	1398.642
250.3	17.04956	1399.826
250.4	17.00258	1401.01
250.5	16.95891	1402.194
250.6	16.91855	1403.378
250.7	16.88145	1404.562
250.8	16.84753	1405.745
250.9	16.81676	1406.929
251	16.78907	1408.113
251.1	16.76435	1409.291
251.2	16.74243	1410.469
251.3	16.72319	1411.647
251.4	16.7065	1412.823
251.5	16.69213	1413.995
251.6	16.67988	1415.166
251.7	16.6696	1416.334
251.8	16.66108	1417.499
251.9	16.65416	1418.663
252	16.64857	1419.822
252.1	16.64408	1420.98
252.2	16.64043	1422.133
252.3	16.6374	1423.284
252.4	16.63469	1424.432
252.5	16.63206	1425.577
252.6	16.62921	1426.718
252.7	16.62592	1427.856
252.8	16.62191	1428.991
252.9	16.61696	1430.124
253	16.61079	1431.253
253.1	16.60323	1432.38
253.2	16.59402	1433.503
253.3	16.583	1434.626
253.4	16.56997	1435.744
253.5	16.55473	1436.861
253.6	16.53721	1437.978
253.7	16.51722	1439.09
253.8	16.49455	1440.201
253.9	16.46911	1441.312
254	16.4408	1442.423
254.1	16.40957	1443.534
254.2	16.37534	1444.645
254.3	16.33805	1445.751
254.4	16.29767	1446.856
254.5	16.25425	1447.967
254.6	16.20785	1449.078
254.7	16.15848	1450.189
254.8	16.10625	1451.3
254.9	16.05131	1452.411
255	15.99378	1453.522
255.1	15.93376	1454.638
255.2	15.87146	1455.755
255.3	15.807	1456.873
255.4	15.74057	1457.995
255.5	15.67238	1459.118
255.6	15.60259	1460.243
255.7	15.53142	1461.372
255.8	15.45907	1462.502
255.9	15.38576	1463.637
256	15.3117	1464.773
256.1	15.23711	1465.914
256.2	15.16223	1467.055
256.3	15.0873	1468.202
256.4	15.01256	1469.35
256.5	14.93821	1470.502
256.6	14.86451	1471.656
256.7	14.79167	1472.814
256.8	14.71994	1473.974
256.9	14.64952	1475.136
257	14.58066	1476.302
257.1	14.51352	1477.467
257.2	14.44833	1478.638
257.3	14.38527	1479.81
257.4	14.32448	1480.982
257.5	14.26611	1482.157
257.6	14.21036	1483.335
257.7	14.15732	1484.513
257.8	14.10706	1485.691
257.9	14.05966	1486.869
258	14.01519	1488.046
258.1	13.97365	1489.224
258.2	13.93498	1490.402
258.3	13.89913	1491.58
258.4	13.86607	1492.757
258.5	13.83575	1493.935
258.6	13.80809	1495.113
258.7	13.78301	1496.291
258.8	13.76041	1497.464
258.9	13.74013	1498.636
259	13.72203	1499.808
259.1	13.70594	1500.978
259.2	13.69163	1502.143
259.3	13.67896	1503.309
259.4	13.66779	1504.471
259.5	13.65787	1505.63
259.6	13.64908	1506.788
259.7	13.64117	1507.942
259.8	13.63394	1509.095
259.9	13.62713	1510.242
260	13.6205	1511.39
260.1	13.61385	1512.532
260.2	13.60692	1513.673
260.3	13.59951	1514.81
260.4	13.59139	1515.946
260.5	13.58235	1517.078
260.6	13.57216	1518.207
260.7	13.56063	1519.337
260.8	13.54755	1520.46
260.9	13.53277	1521.583
261	13.51617	1522.706
261.1	13.49754	1523.823
261.2	13.4767	1524.94
261.3	13.45352	1526.057
261.4	13.4279	1527.174
261.5	13.39973	1528.286
261.6	13.36888	1529.397
261.7	13.33533	1530.508
261.8	13.29905	1531.619
261.9	13.26003	1532.73
262	13.21827	1533.842
262.1	13.17377	1534.953
262.2	13.12657	1536.064
262.3	13.0767	1537.175
262.4	13.0243	1538.292
262.5	12.96952	1539.409
262.6	12.91249	1540.526
262.7	12.85332	1541.643
262.8	12.79218	1542.765
262.9	12.72925	1543.888
263	12.66465	1545.011
263.1	12.59856	1546.139
263.2	12.53119	1547.268
263.3	12.46267	1548.399
263.4	12.39324	1549.534
263.5	12.32307	1550.669
263.6	12.25238	1551.809
263.7	12.18139	1552.951
263.8	12.11028	1554.095
263.9	12.03931	1555.243
264	11.96866	1556.392
264.1	11.8986	1557.545
264.2	11.82931	1558.699
264.3	11.76097	1559.857
264.4	11.69379	1561.017
264.5	11.62792	1562.177
264.6	11.56361	1563.343
264.7	11.501	1564.508
264.8	11.44024	1565.674
264.9	11.38148	1566.845
265	11.3249	1568.017
265.1	11.27058	1569.189
265.2	11.21862	1570.36
265.3	11.16906	1571.532
265.4	11.12201	1572.706
265.5	11.0776	1573.884
265.6	11.0358	1575.061
265.7	10.99656	1576.239
265.8	10.95986	1577.417
265.9	10.9257	1578.591
266	10.89393	1579.763
266.1	10.86451	1580.934
266.2	10.83734	1582.106
266.3	10.81235	1583.278
266.4	10.78942	1584.449
266.5	10.76841	1585.615
266.6	10.74915	1586.781
266.7	10.73153	1587.947
266.8	10.71536	1589.109
266.9	10.70044	1590.268
267	10.68662	1591.428
267.1	10.67373	1592.582
267.2	10.66157	1593.736
267.3	10.65001	1594.888
267.4	10.6388	1596.035
267.5	10.62782	1597.183
267.6	10.6169	1598.326
267.7	10.60583	1599.467
267.8	10.59441	1600.607
267.9	10.58245	1601.742
268	10.56981	1602.878
268.1	10.55632	1604.009
268.2	10.54172	1605.138
268.3	10.52586	1606.268
268.4	10.50855	1607.393
268.5	10.48961	1608.516
268.6	10.46889	1609.639
268.7	10.44625	1610.762
268.8	10.42154	1611.88
268.9	10.39465	1612.997
269	10.36551	1614.114
269.1	10.33404	1615.231
269.2	10.3002	1616.349
269.3	10.26402	1617.466
269.4	10.22545	1618.583
269.5	10.18444	1619.7
269.6	10.14107	1620.817
269.7	10.09535	1621.934
269.8	10.0473	1623.052
269.9	9.996993	1624.169
270	9.944521	1625.286
270.1	9.890012	1626.406
270.2	9.833632	1627.529
270.3	9.775491	1628.652
270.4	9.715705	1629.775
270.5	9.654408	1630.902
270.6	9.591792	1632.032
270.7	9.527986	1633.161
270.8	9.463145	1634.294
270.9	9.397472	1635.429
271	9.33112	1636.564
271.1	9.264279	1637.705
271.2	9.197163	1638.846
271.3	9.129908	1639.989
271.4	9.062744	1641.137
271.5	8.995821	1642.284
271.6	8.929296	1643.435
271.7	8.86338	1644.589
271.8	8.798221	1645.742
271.9	8.73402	1646.901
272	8.67099	1648.06
272.1	8.609247	1649.22
272.2	8.548944	1650.383
272.3	8.490251	1651.549
272.4	8.433287	1652.715
272.5	8.37816	1653.88
272.6	8.324965	1655.047
272.7	8.27384	1656.219
272.8	8.22487	1657.391
272.9	8.178141	1658.563
273	8.133677	1659.734
273.1	8.091455	1660.906
273.2	8.051455	1662.078
273.3	8.01365	1663.25
273.4	7.978041	1664.421
273.5	7.944565	1665.593
273.6	7.913179	1666.765
273.7	7.883836	1667.936
273.8	7.856436	1669.102
273.9	7.830846	1670.267
274	7.806962	1671.433
274.1	7.784683	1672.599
274.2	7.763892	1673.761
274.3	7.744399	1674.92
274.4	7.726068	1676.08
274.5	7.708733	1677.238
274.6	7.692207	1678.392
274.7	7.676337	1679.545
274.8	7.660978	1680.698
274.9	7.645937	1681.845
275	7.631066	1682.992
275.1	7.616231	1684.138
275.2	7.601225	1685.279
275.3	7.585915	1686.42
275.4	7.570164	1687.559
275.5	7.553782	1688.694
275.6	7.536602	1689.83
275.7	7.518456	1690.963
275.8	7.499156	1692.092
275.9	7.478559	1693.222
276	7.456554	1694.351
276.1	7.43301	1695.477
276.2	7.407793	1696.6
276.3	7.380823	1697.724
276.4	7.352028	1698.847
276.5	7.321349	1699.97
276.6	7.288738	1701.093
276.7	7.254172	1702.216
276.8	7.217637	1703.34
276.9	7.179105	1704.463
277	7.138557	1705.586
277.1	7.096012	1706.709
277.2	7.05151	1707.832
277.3	7.005074	1708.956
277.4	6.956743	1710.079
277.5	6.906591	1711.202
277.6	6.854719	1712.325
277.7	6.801236	1713.448
277.8	6.746247	1714.576
277.9	6.689905	1715.705
278	6.632321	1716.834
278.1	6.573624	1717.963
278.2	6.513937	1719.096
278.3	6.453435	1720.232
278.4	6.392231	1721.367
278.5	6.33047	1722.504
278.6	6.268336	1723.646
278.7	6.205967	1724.787
278.8	6.14349	1725.929
278.9	6.081106	1727.076
279	6.018961	1728.224
279.1	5.957173	1729.371
279.2	5.895898	1730.524
279.3	5.835316	1731.678
279.4	5.775552	1732.831
279.5	5.716729	1733.987
279.6	5.659018	1735.146
279.7	5.602527	1736.306
279.8	5.547361	1737.465
279.9	5.493621	1738.625
280	5.441421	1739.789
280.1	5.390877	1740.955
280.2	5.342058	1742.121
280.3	5.295059	1743.286
280.4	5.249896	1744.452
280.5	5.206555	1745.618
280.6	5.16501	1746.783
280.7	5.12525	1747.949
280.8	5.087247	1749.114
280.9	5.050982	1750.28
281	5.01641	1751.446
281.1	4.983499	1752.611
281.2	4.952207	1753.777
281.3	4.922471	1754.943
281.4	4.894208	1756.104
281.5	4.867284	1757.264
281.6	4.84163	1758.423
281.7	4.817148	1759.583
281.8	4.793728	1760.742
281.9	4.771248	1761.897
282	4.749557	1763.051
282.1	4.728546	1764.204
282.2	4.708088	1765.358
282.3	4.688018	1766.505
282.4	4.66818	1767.653
282.5	4.648444	1768.8
282.6	4.628653	1769.945
282.7	4.608593	1771.086
282.8	4.588122	1772.228
282.9	4.567127	1773.369
283	4.545515	1774.506
283.1	4.523139	1775.641
283.2	4.499902	1776.777
283.3	4.47572	1777.912
283.4	4.450506	1779.045
283.5	4.424109	1780.174
283.6	4.396449	1781.303
283.7	4.367468	1782.433
283.8	4.337113	1783.562
283.9	4.305329	1784.691
284	4.272078	1785.82
284.1	4.23733	1786.95
284.2	4.20106	1788.078
284.3	4.163205	1789.201
284.4	4.123731	1790.325
284.5	4.08265	1791.448
284.6	4.039994	1792.576
284.7	3.995811	1793.705
284.8	3.950102	1794.835
284.9	3.902929	1795.964
285	3.854373	1797.093
285.1	3.804516	1798.223
285.2	3.753441	1799.352
285.3	3.701242	1800.481
285.4	3.648028	1801.613
285.5	3.593939	1802.749
285.6	3.539077	1803.884
285.7	3.483536	1805.019
285.8	3.427411	1806.155
285.9	3.370827	1807.295
286	3.313941	1808.437
286.1	3.25685	1809.578
286.2	3.199637	1810.719
286.3	3.142424	1811.865
286.4	3.085398	1813.013
286.5	3.028666	1814.16
286.6	2.972308	1815.307
286.7	2.916397	1816.458
286.8	2.861091	1817.611
286.9	2.8065	1818.765
287	2.752717	1819.918
287.1	2.699826	1821.072
287.2	2.647915	1822.228
287.3	2.597134	1823.387
287.4	2.547545	1824.547
287.5	2.499238	1825.706
287.6	2.452238	1826.866
287.7	2.406583	1828.026
287.8	2.362289	1829.185
287.9	2.319345	1830.345
288	2.27773	1831.504
288.1	2.23743	1832.664
288.2	2.198427	1833.823
288.3	2.160712	1834.983
288.4	2.124249	1836.143
288.5	2.089016	1837.302
288.6	2.054987	1838.462
288.7	2.02212	1839.621
288.8	1.99036	1840.781
288.9	1.959658	1841.94
289	1.929972	1843.099
289.1	1.901198	1844.253
289.2	1.87323	1845.406
289.3	1.845988	1846.56
289.4	1.819391	1847.714
289.5	1.793366	1848.867
289.6	1.767809	1850.017
289.7	1.742572	1851.165
289.8	1.717562	1852.312
289.9	1.692684	1853.46
290	1.667835	1854.607
290.1	1.642908	1855.75
290.2	1.617769	1856.892
290.3	1.592364	1858.033
290.4	1.566614	1859.174
290.5	1.540426	1860.316
290.6	1.51368	1861.453
290.7	1.486251	1862.588
290.8	1.458084	1863.724
290.9	1.429111	1864.859
291	1.399266	1865.994
291.1	1.368493	1867.13
291.2	1.336753	1868.265
291.3	1.303971	1869.396
291.4	1.270044	1870.525
291.5	1.234947	1871.654
291.6	1.19866	1872.784
291.7	1.161165	1873.913
291.8	1.122447	1875.042
291.9	1.0825	1876.171
292	1.041329	1877.301
292.1	0.9989477	1878.43
292.2	0.9553643	1879.559
292.3	0.9105684	1880.688
292.4	0.8645923	1881.818
292.5	0.8175083	1882.952
292.6	0.7694247	1884.087
292.7	0.7204061	1885.222
292.8	0.6705389	1886.358
292.9	0.6199245	1887.493
293	0.5686604	1888.628
293.1	0.5168443	1889.764
293.2	0.4645697	1890.904
293.3	0.4119533	1892.045
293.4	0.359083	1893.187
293.5	0.3060291	1894.328
293.6	0.2528763	1895.47
293.7	0.1997237	1896.613
293.8	0.1467329	1897.761
293.9	0.09399515	1898.908
294	0.04158598	1900.056
294.1	-0.01043443	1901.203
294.2	-0.06201123	1902.35
294.3	-0.1130649	1903.502
294.4	-0.163463	1904.656
294.5	-0.2131071	1905.809
294.6	-0.2619314	1906.963
294.7	-0.3098921	1908.116
294.8	-0.356945	1909.27
294.9	-0.4030863	1910.423
295	-0.4483038	1911.577
295.1	-0.4925948	1912.73
295.2	-0.5359542	1913.884
295.3	-0.5783694	1915.041
295.4	-0.6197874	1916.2
295.5	-0.6602191	1917.36
295.6	-0.6996422	1918.519
295.7	-0.7380553	1919.679
295.8	-0.7754933	1920.833
295.9	-0.8120259	1921.987
296	-0.8476718	1923.14
296.1	-0.8824847	1924.294
296.2	-0.9165159	1925.447
296.3	-0.9498066	1926.601
296.4	-0.9823957	1927.754
296.5	-1.014318	1928.908
296.6	-1.045635	1930.061
296.7	-1.076398	1931.215
296.8	-1.106659	1932.368
296.9	-1.136502	1933.516
297	-1.166019	1934.663
297.1	-1.195286	1935.811
297.2	-1.224387	1936.958
297.3	-1.253377	1938.105
297.4	-1.282304	1939.253
297.5	-1.311219	1940.398
297.6	-1.340237	1941.54
297.7	-1.369425	1942.681
297.8	-1.398832	1943.822
297.9	-1.428517	1944.964
298	-1.45854	1946.105
298.1	-1.488961	1947.246
298.2	-1.519845	1948.386
298.3	-1.55132	1949.522
298.4	-1.58346	1950.657
298.5	-1.616308	1951.792
298.6	-1.649901	1952.928
298.7	-1.684283	1954.063
298.8	-1.719491	1955.198
298.9	-1.755553	1956.334
299	-1.792483	1957.469
299.1	-1.83029	1958.604
299.2	-1.868983	1959.74
299.3	-1.908573	1960.875
299.4	-1.949056	1962.01
299.5	-1.990414	1963.146
299.6	-2.032638	1964.281
299.7	-2.075717	1965.417
299.8	-2.119657	1966.552
299.9	-2.164431	1967.687
300	-2.210001	1968.822
300.1	-2.256331	1969.958
300.2	-2.303371	1971.093
300.3	-2.351066	1972.228
300.4	-2.39934	1973.367
300.5	-2.448074	1974.508
300.6	-2.497203	1975.65
300.7	-2.546635	1976.791
300.8	-2.596291	1977.932
300.9	-2.646113	1979.074
301	-2.696044	1980.215
301.1	-2.746007	1981.358
301.2	-2.795851	1982.505
301.3	-2.845479	1983.653
301.4	-2.894838	1984.8
301.5	-2.943895	1985.947
301.6	-2.992627	1987.095
301.7	-3.040987	1988.242
301.8	-3.088915	1989.39
301.9	-3.13636	1990.539
302	-3.183219	1991.693
302.1	-3.22945	1992.846
302.2	-3.275036	1994
302.3	-3.319966	1995.153
302.4	-3.364227	1996.307
302.5	-3.407807	1997.46
302.6	-3.450696	1998.614
302.7	-3.492884	1999.767
302.8	-3.534387	2000.921
302.9	-3.575209	2002.074
303	-3.615328	2003.228
303.1	-3.654745	2004.381
303.2	-3.693476	2005.535
303.3	-3.731531	2006.688
303.4	-3.768915	2007.842
303.5	-3.805638	2008.995
303.6	-3.841721	2010.149
303.7	-3.877202	2011.302
303.8	-3.912097	2012.456
303.9	-3.946427	2013.609
304	-3.98022	2014.763
304.1	-4.013517	2015.915
304.2	-4.046424	2017.063
304.3	-4.078977	2018.21
304.4	-4.111224	2019.357
304.5	-4.143234	2020.505
304.6	-4.175064	2021.652
304.7	-4.206743	2022.8
304.8	-4.238303	2023.947
304.9	-4.269798	2025.094
305	-4.301312	2026.241
305.1	-4.33298	2027.382
305.2	-4.364865	2028.524
305.3	-4.396988	2029.665
305.4	-4.429371	2030.806
305.5	-4.462028	2031.948
305.6	-4.494992	2033.089
305.7	-4.52831	2034.23
305.8	-4.562048	2035.372
305.9	-4.596257	2036.513
306	-4.63095	2037.655
306.1	-4.666162	2038.792
306.2	-4.701984	2039.928
306.3	-4.738452	2041.063
306.4	-4.775588	2042.198
306.5	-4.813404	2043.334
306.6	-4.851923	2044.469
306.7	-4.89116	2045.604
306.8	-4.931115	2046.74
306.9	-4.971782	2047.875
307	-5.013134	2049.01
307.1	-5.055111	2050.146
307.2	-5.097658	2051.281
307.3	-5.140735	2052.416
307.4	-5.18434	2053.552
307.5	-5.228458	2054.687
307.6	-5.273038	2055.822
307.7	-5.318016	2056.958
307.8	-5.363348	2058.093
307.9	-5.409031	2059.228
308	-5.455077	2060.363
308.1	-5.501482	2061.502
308.2	-5.548045	2062.649
308.3	-5.594638	2063.797
308.4	-5.641181	2064.944
308.5	-5.687605	2066.092
308.6	-5.733846	2067.239
308.7	-5.77986	2068.386
308.8	-5.825657	2069.534
308.9	-5.87128	2070.681
309	-5.916742	2071.829
309.1	-5.962024	2072.976
309.2	-6.007104	2074.124
309.3	-6.051953	2075.271
309.4	-6.096537	2076.419
309.5	-6.140816	2077.566
309.6	-6.184742	2078.714
309.7	-6.22828	2079.861
309.8	-6.271395	2081.009
309.9	-6.314032	2082.156
310	-6.356154	2083.303
310.1	-6.397785	2084.451
310.2	-6.438969	2085.598
310.3	-6.479723	2086.746
310.4	-6.520018	2087.893
310.5	-6.559818	2089.041
310.6	-6.599092	2090.188
310.7	-6.637869	2091.335
310.8	-6.676187	2092.483
310.9	-6.714071	2093.63
311	-6.75152	2094.778
311.1	-6.788515	2095.925
311.2	-6.825033	2097.072
