Time	Aircraft Simulation Altitude	Aircraft Simulation Position Z	Aircraft Simulation Net Global Force X	Aircraft Simulation Net Global Force Y	Aircraft Simulation Net Global Force Z	Aircraft Simulation Airspeed
0.1	1.433816	4.868134	0	0	0	0.05958687
0.2	1.434175	4.868027	0	0	0	0.01242257
0.3	1.433991	4.868147	0	0	0	0.01049586
0.4	1.434021	4.868131	0	0	0	0.008229114
0.5	1.434024	4.868117	0	0	0	0.004934357
0.6	1.434023	4.868104	0	0	0	0.003420823
0.7	1.434019	4.868079	0	0	0	0.002417148
0.8	1.434022	4.868055	0	0	0	0.00163349
0.9	1.43402	4.868033	0	0	0	0.001776745
1	1.434022	4.868009	0	0	0	0.001369003
1.1	1.43402	4.867989	0	0	0	0.001291333
1.2	1.434021	4.867973	0	0	0	0.001343247
1.3	1.43402	4.86795	0	0	0	0.001079787
1.4	1.434018	4.867929	0	0	0	0.0006766042
1.5	1.434016	4.867903	0	0	0	0.0007849925
1.6	1.43402	4.86788	0	0	0	0.0004646309
1.7	1.434018	4.867856	0	0	0	0.000322122
1.8	1.434015	4.86783	0	0	0	0.0004577538
1.9	1.434015	4.867813	0	0	0	0.0006478298
2	1.434019	4.867794	0	0	0	0.0006934585
2.1	1.434013	4.867778	0	0	0	0.001413641
2.2	1.43402	4.867757	0	0	0	0.001363731
2.3	1.434017	4.867737	0	0	0	0.001305139
2.4	1.434012	4.867725	0	0	0	0.001503018
2.5	1.434016	4.867703	0	0	0	0.001155554
2.6	1.434016	4.867681	0	0	0	0.0008094171
2.7	1.434016	4.867654	0	0	0	0.0008536825
2.8	1.434018	4.867624	0	0	0	0.0005085132
2.9	1.434014	4.867599	0	0	0	0.0009457754
3	1.434014	4.86758	0	0	0	0.00119858
3.1	1.434015	4.86756	0	0	0	0.001029353
3.2	1.434011	4.867546	0	0	0	0.0009774801
3.3	1.434014	4.867523	0	0	0	0.001122855
3.4	1.434014	4.867498	0	0	0	0.0008468347
3.5	1.434015	4.867478	0	0	0	0.0009919342
3.6	1.434015	4.867455	0	0	0	0.001021131
3.7	1.434013	4.867437	0	0	0	0.001025128
3.8	1.434012	4.867414	0	0	0	0.001211113
3.9	1.434013	4.867389	0	0	0	0.001230551
4	1.434011	4.867369	0	0	0	0.00121364
4.1	1.43401	4.867348	0	0	0	0.001328612
4.2	1.434011	4.86733	0	0	0	0.001135593
4.3	1.434011	4.867312	0	0	0	0.00143518
4.4	1.434012	4.867295	0	0	0	0.001546362
4.5	1.434012	4.86727	0	0	0	0.001403719
4.6	1.434007	4.867256	0	0	0	0.00153788
4.7	1.434012	4.867231	0	0	0	0.001045134
4.8	1.434008	4.867208	0	0	0	0.0008905329
4.9	1.434009	4.867188	0	0	0	0.0009337961
5	1.43401	4.867171	0	0	0	0.001177054
5.1	1.43401	4.867149	0	0	0	0.001130455
5.2	1.434009	4.867126	0	0	0	0.000884379
5.3	1.434008	4.867106	0	0	0	0.001101458
5.4	1.434013	4.867083	0	0	0	0.001031727
5.5	1.434007	4.867064	0	0	0	0.001071465
5.6	1.43401	4.867044	0	0	0	0.001062765
5.7	1.434012	4.867021	0	0	0	0.001083179
5.8	1.434011	4.867009	0	0	0	0.000843222
5.9	1.434011	4.866991	0	0	0	0.0006857779
6	1.434011	4.866958	0	0	0	0.0006624545
6.1	1.434006	4.86693	0	0	0	0.0006320893
6.2	1.434005	4.866908	0	0	0	0.0006827158
6.3	1.434007	4.866886	0	0	0	0.0009662465
6.4	1.434007	4.866868	0	0	0	0.001141675
6.5	1.434003	4.866853	0	0	0	0.001742911
6.6	1.434005	4.866838	0	0	0	0.002008013
6.7	1.434	4.866818	0	0	0	0.002147861
6.8	1.434007	4.866804	0	0	0	0.001850975
6.9	1.43401	4.866781	0	0	0	0.001758769
7	1.434008	4.866759	0	0	0	0.001409824
7.1	1.434003	4.866747	0	0	0	0.001506455
7.2	1.434005	4.866731	0	0	0	0.001133021
7.3	1.434005	4.866714	0	0	0	0.001085959
7.4	1.434005	4.866686	0	0	0	0.0007618936
7.5	1.434006	4.866659	0	0	0	0.0007340657
7.6	1.434007	4.866632	0	0	0	0.0003732935
7.7	1.434003	4.866611	0	0	0	0.0003168434
7.8	1.434004	4.866588	0	0	0	0.0006568952
7.9	1.434001	4.866563	0	0	0	0.0004303132
8	1.434001	4.866545	0	0	0	0.0004856698
8.1	1.434001	4.866524	0	0	0	0.001020045
8.2	1.434001	4.866502	0	0	0	0.001112816
8.3	1.434	4.866487	0	0	0	0.001403828
8.4	1.434	4.866467	0	0	0	0.001082534
8.5	1.434	4.866445	0	0	0	0.0009497558
8.6	1.434001	4.86643	0	0	0	0.0008888086
8.7	1.434001	4.866408	0	0	0	0.0008373891
8.8	1.434002	4.866387	0	0	0	0.000785762
8.9	1.434002	4.866364	0	0	0	0.001001353
9	1.434001	4.866334	0	0	0	0.0006014671
9.1	1.433999	4.866316	0	0	0	0.00103616
9.2	1.434	4.866297	0	0	0	0.001151233
9.3	1.433999	4.86628	0	0	0	0.0012222
9.4	1.433999	4.866266	0	0	0	0.001420256
9.5	1.434	4.866245	0	0	0	0.001238687
9.6	1.433997	4.866221	0	0	0	0.001092296
9.7	1.434	4.866197	0	0	0	0.001027551
9.8	1.434001	4.86618	0	0	0	0.0009982231
9.9	1.433999	4.866153	0	0	0	0.0009671068
10	1.433998	4.866131	0	0	0	0.0009281363
10.1	1.433997	4.866107	0	0	0	0.0009664183
10.2	1.433997	4.866084	0	0	0	0.0008384565
10.3	1.433999	4.866063	0	0	0	0.001058006
10.4	1.434001	4.866049	0	0	0	0.001310734
10.5	1.434	4.866032	0	0	0	0.001388369
10.6	1.434	4.866012	0	0	0	0.001365767
10.7	1.433998	4.865991	0	0	0	0.001162756
10.8	1.433999	4.865968	0	0	0	0.001074072
10.9	1.433996	4.865943	0	0	0	0.0005885158
11	1.433997	4.86592	0	0	0	0.0006023266
11.1	1.433997	4.865896	0	0	0	0.0005834962
11.2	1.433995	4.865873	0	0	0	0.0008407964
11.3	1.433994	4.86585	0	0	0	0.001232437
11.4	1.433996	4.86583	0	0	0	0.001237706
11.5	1.433999	4.865814	0	0	0	0.001024354
11.6	1.433998	4.865795	0	0	0	0.001072176
11.7	1.433998	4.865771	0	0	0	0.001064245
11.8	1.433995	4.865745	0	0	0	0.001296635
11.9	1.433995	4.865719	0	0	0	0.001342044
12	1.433994	4.865698	0	0	0	0.001560504
12.1	1.433997	4.865676	0	0	0	0.001413365
12.2	1.433996	4.865653	0	0	0	0.0008938782
12.3	1.433996	4.865635	0	0	0	0.0009747373
12.4	1.433998	4.865612	0	0	0	0.0008667841
12.5	1.433993	4.86559	0	0	0	0.001110077
12.6	1.433992	4.865569	0	0	0	0.001102758
12.7	1.433993	4.865548	0	0	0	0.001399542
12.8	1.433996	4.865534	0	0	0	0.001185658
12.9	1.433995	4.865508	0	0	0	0.0009602794
13	1.433992	4.865479	0	0	0	0.0005746209
13.1	1.433994	4.865478	0	0	0	0.000921104
13.2	1.433991	4.865526	0	0	0	0.001479158
13.3	1.43399	4.865586	0	0	0	0.001330173
13.4	1.43399	4.865658	0	0	0	0.0008205562
13.5	1.433989	4.865772	0	0	0	0.001536918
13.6	1.43399	4.866043	0	0	0	0.004583581
13.7	1.434003	4.867337	0	0	0	0.02537611
13.8	1.434056	4.872721	0	0	0	0.08603074
13.9	1.434204	4.886626	0	0	0	0.1934535
14	1.434495	4.913736	0	0	0	0.3474467
14.1	1.434974	4.958799	0	0	0	0.5491115
14.2	1.435698	5.026444	0	0	0	0.7964083
14.3	1.436713	5.121202	0	0	0	1.088686
14.4	1.438067	5.246485	0	0	0	1.397616
14.5	1.439746	5.402288	0	0	0	1.699351
14.6	1.441745	5.587863	0	0	0	1.993601
14.7	1.444064	5.80248	0	0	0	2.280626
14.8	1.446688	6.045424	0	0	0	2.560561
14.9	1.449613	6.315995	0	0	0	2.833624
15	1.452831	6.613522	0	0	0	3.10013
15.1	1.456336	6.937353	0	0	0	3.360215
15.2	1.460117	7.286859	0	0	0	3.614098
15.3	1.464168	7.661444	0	0	0	3.862171
15.4	1.468488	8.060545	0	0	0	4.104814
15.5	1.473067	8.483625	0	0	0	4.342343
15.6	1.477901	8.930182	0	0	0	4.574708
15.7	1.482984	9.399742	0	0	0	4.802615
15.8	1.488311	9.891857	0	0	0	5.026098
15.9	1.493878	10.40611	0	0	0	5.245566
16	1.49968	10.94209	0	0	0	5.461133
16.1	1.505714	11.49943	0	0	0	5.673114
16.2	1.511979	12.07779	0	0	0	5.881566
16.3	1.518464	12.67682	0	0	0	6.086752
16.4	1.525171	13.2962	0	0	0	6.288876
16.5	1.532097	13.93564	0	0	0	6.488023
16.6	1.539234	14.59485	0	0	0	6.684539
16.7	1.546586	15.27356	0	0	0	6.878563
16.8	1.554143	15.97156	0	0	0	7.070221
16.9	1.561908	16.68861	0	0	0	7.259909
17	1.569879	17.42451	0	0	0	7.447415
17.1	1.578056	18.17907	0	0	0	7.632916
17.2	1.586758	18.95194	0	0	0	7.813779
17.3	1.596601	19.74275	0	0	0	7.992693
17.4	1.608028	20.55162	0	0	0	8.174387
17.5	1.621312	21.37933	0	0	0	8.363832
17.6	1.636351	22.22762	0	0	0	8.565061
17.7	1.652478	23.09896	0	0	0	8.773403
17.8	1.667277	23.99545	0	0	0	8.974221
17.9	1.669281	24.91862	0	0	0	9.178214
18	1.648117	25.86876	0	0	0	9.420047
18.1	1.605549	26.84471	0	0	0	9.711652
18.2	1.60588	27.83581	0	0	0	9.931106
18.3	1.624411	28.8453	0	0	0	10.1152
18.4	1.656615	29.87519	0	0	0	10.27409
18.5	1.697107	30.92474	0	0	0	10.42549
18.6	1.742754	31.99185	0	0	0	10.58831
18.7	1.798144	33.07352	0	0	0	10.74922
18.8	1.871577	34.16682	0	0	0	10.88664
18.9	1.968958	35.26936	0	0	0	10.99462
19	2.092609	36.37879	0	0	0	11.07554
19.1	2.242958	37.49236	0	0	0	11.13273
19.2	2.420127	38.60674	0	0	0	11.16201
19.3	2.623589	39.71871	0	0	0	11.16635
19.4	2.85217	40.82557	0	0	0	11.15076
19.5	3.104955	41.92458	0	0	0	11.11658
19.6	3.381322	43.0131	0	0	0	11.06221
19.7	3.680275	44.08876	0	0	0	10.98812
19.8	4.000145	45.14962	0	0	0	10.89575
19.9	4.338777	46.19403	0	0	0	10.78683
20	4.693713	47.22073	0	0	0	10.66288
20.1	5.062229	48.22881	0	0	0	10.52569
20.2	5.441344	49.2178	0	0	0	10.37827
20.3	5.828038	50.18766	0	0	0	10.22258
20.4	6.219269	51.13863	0	0	0	10.06049
20.5	6.61191	52.07145	0	0	0	9.894786
20.6	7.002814	52.98732	0	0	0	9.730392
20.7	7.389139	53.88754	0	0	0	9.569129
20.8	7.768383	54.77351	0	0	0	9.411664
20.9	8.138012	55.647	0	0	0	9.259918
21	8.495234	56.51016	0	0	0	9.117356
21.1	8.837158	57.36559	0	0	0	8.991083
21.2	9.161458	58.21572	0	0	0	8.884114
21.3	9.466712	59.06255	0	0	0	8.796162
21.4	9.751922	59.9081	0	0	0	8.727289
21.5	10.01601	60.75458	0	0	0	8.678883
21.6	10.25769	61.60439	0	0	0	8.65494
21.7	10.47598	62.45984	0	0	0	8.659814
21.8	10.67103	63.32272	0	0	0	8.692559
21.9	10.84422	64.19441	0	0	0	8.749777
22	10.9975	65.07619	0	0	0	8.827866
22.1	11.13292	65.9693	0	0	0	8.923675
22.2	11.25238	66.87494	0	0	0	9.033917
22.3	11.35762	67.79408	0	0	0	9.157019
22.4	11.45039	68.72764	0	0	0	9.292296
22.5	11.5329	69.67617	0	0	0	9.437875
22.6	11.60805	70.63995	0	0	0	9.590289
22.7	11.67935	71.61888	0	0	0	9.74319
22.8	11.75016	72.61266	0	0	0	9.890999
22.9	11.82309	73.62088	0	0	0	10.03371
23	11.90038	74.64291	0	0	0	10.17115
23.1	11.98459	75.67776	0	0	0	10.30194
23.2	12.0787	76.72397	0	0	0	10.42042
23.3	12.1854	77.77987	0	0	0	10.52255
23.4	12.3064	78.84386	0	0	0	10.60998
23.5	12.44291	79.91419	0	0	0	10.68379
23.6	12.59634	80.98885	0	0	0	10.74294
23.7	12.76816	82.06551	0	0	0	10.78321
23.8	12.95917	83.142	0	0	0	10.80463
23.9	13.16935	84.21636	0	0	0	10.80935
24	13.39838	85.28654	0	0	0	10.79852
24.1	13.64598	86.35052	0	0	0	10.77126
24.2	13.91159	87.40634	0	0	0	10.7269
24.3	14.19402	88.45246	0	0	0	10.66742
24.4	14.49173	89.48751	0	0	0	10.59468
24.5	14.80305	90.51033	0	0	0	10.50995
24.6	15.12621	91.51995	0	0	0	10.41383
24.7	15.45922	92.51581	0	0	0	10.30852
24.8	15.79993	93.49753	0	0	0	10.19563
24.9	16.14615	94.4651	0	0	0	10.07645
25	16.49556	95.41869	0	0	0	9.952822
25.1	16.84573	96.35892	0	0	0	9.827991
25.2	17.19431	97.28664	0	0	0	9.704656
25.3	17.53925	98.20271	0	0	0	9.583548
25.4	17.87857	99.10824	0	0	0	9.465731
25.5	18.2102	100.0046	0	0	0	9.353167
25.6	18.5319	100.8934	0	0	0	9.25051
25.7	18.84171	101.7766	0	0	0	9.161196
25.8	19.1383	102.6556	0	0	0	9.085159
25.9	19.42079	103.532	0	0	0	9.02234
26	19.68832	104.4074	0	0	0	8.973439
26.1	19.93986	105.2836	0	0	0	8.945697
26.2	20.17524	106.1627	0	0	0	8.948007
26.3	20.39681	107.0449	0	0	0	8.958453
26.4	20.6067	107.9305	0	0	0	8.971376
26.5	20.80455	108.8212	0	0	0	8.993112
26.6	20.98868	109.7189	0	0	0	9.029181
26.7	21.15765	110.6251	0	0	0	9.083624
26.8	21.31149	111.5408	0	0	0	9.15718
26.9	21.45187	112.4665	0	0	0	9.24646
27	21.58156	113.4026	0	0	0	9.34622
27.1	21.70347	114.3496	0	0	0	9.452132
27.2	21.82015	115.3077	0	0	0	9.559969
27.3	21.93352	116.277	0	0	0	9.667226
27.4	22.04493	117.2577	0	0	0	9.775161
27.5	22.15575	118.2495	0	0	0	9.883917
27.6	22.26797	119.2519	0	0	0	9.992034
27.7	22.38419	120.2641	0	0	0	10.09461
27.8	22.50689	121.2851	0	0	0	10.18779
27.9	22.63785	122.314	0	0	0	10.2714
28	22.77841	123.3496	0	0	0	10.34596
28.1	22.92993	124.3906	0	0	0	10.41088
28.2	23.09386	125.4355	0	0	0	10.46251
28.3	23.27128	126.4826	0	0	0	10.49951
28.4	23.46254	127.5305	0	0	0	10.52367
28.5	23.6677	128.5777	0	0	0	10.53602
28.6	23.88693	129.6226	0	0	0	10.53625
28.7	24.12034	130.6635	0	0	0	10.52261
28.8	24.36757	131.6992	0	0	0	10.49584
28.9	24.62784	132.7283	0	0	0	10.45744
29	24.90015	133.7498	0	0	0	10.40859
29.1	25.18345	134.7628	0	0	0	10.34955
29.2	25.47656	135.7662	0	0	0	10.28104
29.3	25.77801	136.7597	0	0	0	10.20476
29.4	26.08621	137.7428	0	0	0	10.12191
29.5	26.39953	138.7153	0	0	0	10.03366
29.6	26.71622	139.6774	0	0	0	9.941592
29.7	27.03449	140.6292	0	0	0	9.848193
29.8	27.35262	141.5713	0	0	0	9.754763
29.9	27.66903	142.5042	0	0	0	9.6618
30	27.98211	143.4286	0	0	0	9.570724
30.1	28.29013	144.3455	0	0	0	9.48371
30.2	28.59137	145.2561	0	0	0	9.404391
30.3	28.88446	146.1616	0	0	0	9.333603
30.4	29.16846	147.063	0	0	0	9.271114
30.5	29.44248	147.9615	0	0	0	9.217478
30.6	29.70555	148.8584	0	0	0	9.174307
30.7	29.9567	149.755	0	0	0	9.144463
30.8	30.19529	150.6529	0	0	0	9.128853
30.9	30.42132	151.5531	0	0	0	9.126661
31	30.63511	152.4566	0	0	0	9.136818
31.1	30.83708	153.3643	0	0	0	9.158709
31.2	31.02762	154.2775	0	0	0	9.192158
31.3	31.20723	155.1968	0	0	0	9.237343
31.4	31.37673	156.1232	0	0	0	9.293338
31.5	31.53724	157.0572	0	0	0	9.358573
31.6	31.69022	157.9993	0	0	0	9.431487
31.7	31.83727	158.9499	0	0	0	9.509233
31.8	31.97993	159.9089	0	0	0	9.589353
31.9	32.11956	160.8766	0	0	0	9.671699
32	32.25747	161.853	0	0	0	9.75564
32.1	32.39522	162.8378	0	0	0	9.840061
32.2	32.53466	163.8306	0	0	0	9.921798
32.3	32.67761	164.8307	0	0	0	9.997497
32.4	32.82541	165.8374	0	0	0	10.06723
32.5	32.97908	166.85	0	0	0	10.13151
32.6	33.13972	167.8678	0	0	0	10.18966
32.7	33.30868	168.8894	0	0	0	10.2393
32.8	33.48705	169.9138	0	0	0	10.27797
32.9	33.67544	170.9399	0	0	0	10.30678
33	33.87406	171.9667	0	0	0	10.32667
33.1	34.08318	172.9928	0	0	0	10.33752
33.2	34.30308	174.0171	0	0	0	10.33768
33.3	34.53381	175.0385	0	0	0	10.32698
33.4	34.77493	176.0558	0	0	0	10.30666
33.5	35.02584	177.0684	0	0	0	10.27785
33.6	35.28583	178.0751	0	0	0	10.24086
33.7	35.55423	179.0755	0	0	0	10.19553
33.8	35.83007	180.0687	0	0	0	10.14324
33.9	36.11226	181.0544	0	0	0	10.08489
34	36.39961	182.0323	0	0	0	10.02156
34.1	36.69088	183.0023	0	0	0	9.954088
34.2	36.98474	183.9644	0	0	0	9.884036
34.3	37.27984	184.9187	0	0	0	9.813036
34.4	37.57492	185.8657	0	0	0	9.741653
34.5	37.86872	186.8057	0	0	0	9.6707
34.6	38.15995	187.7392	0	0	0	9.601431
34.7	38.44724	188.6671	0	0	0	9.536258
34.8	38.72935	189.5902	0	0	0	9.476974
34.9	39.00541	190.5092	0	0	0	9.42345
35	39.27465	191.425	0	0	0	9.375939
35.1	39.53629	192.3385	0	0	0	9.335342
35.2	39.78949	193.2508	0	0	0	9.303451
35.3	40.03355	194.1631	0	0	0	9.281931
35.4	40.26823	195.0759	0	0	0	9.270578
35.5	40.49357	195.9905	0	0	0	9.26851
35.6	40.70974	196.9074	0	0	0	9.275366
35.7	40.9169	197.8276	0	0	0	9.291233
35.8	41.11528	198.7519	0	0	0	9.316448
35.9	41.30528	199.681	0	0	0	9.35056
36	41.48763	200.6154	0	0	0	9.392735
36.1	41.66331	201.5556	0	0	0	9.441727
36.2	41.83338	202.502	0	0	0	9.495758
36.3	41.99894	203.4548	0	0	0	9.55319
36.4	42.16098	204.4142	0	0	0	9.613581
36.5	42.32048	205.3802	0	0	0	9.676525
36.6	42.4786	206.3529	0	0	0	9.741185
36.7	42.63673	207.332	0	0	0	9.80539
36.8	42.79631	208.317	0	0	0	9.866364
36.9	42.95844	209.3076	0	0	0	9.923658
37	43.12395	210.3033	0	0	0	9.977812
37.1	43.29378	211.3035	0	0	0	10.02821
37.2	43.46899	212.3076	0	0	0	10.07343
37.3	43.65062	213.3145	0	0	0	10.11069
37.4	43.8393	214.3237	0	0	0	10.14056
37.5	44.03536	215.3341	0	0	0	10.16377
37.6	44.2391	216.3448	0	0	0	10.18042
37.7	44.4509	217.3553	0	0	0	10.18934
37.8	44.671	218.3643	0	0	0	10.18932
37.9	44.89928	219.3713	0	0	0	10.18155
38	45.13538	220.3752	0	0	0	10.1668
38.1	45.37889	221.3755	0	0	0	10.14552
38.2	45.62944	222.3716	0	0	0	10.11736
38.3	45.88648	223.3627	0	0	0	10.08272
38.4	46.14922	224.3484	0	0	0	10.04284
38.5	46.41683	225.3286	0	0	0	9.998305
38.6	46.68841	226.3028	0	0	0	9.949983
38.7	46.96304	227.271	0	0	0	9.89834
38.8	47.2397	228.2332	0	0	0	9.845045
38.9	47.51738	229.1896	0	0	0	9.790683
39	47.79513	230.1403	0	0	0	9.736004
39.1	48.07193	231.0856	0	0	0	9.681571
39.2	48.34675	232.0261	0	0	0	9.62894
39.3	48.61855	232.9622	0	0	0	9.579825
39.4	48.88649	233.8946	0	0	0	9.53473
39.5	49.14993	234.8238	0	0	0	9.493734
39.6	49.4082	235.7505	0	0	0	9.457153
39.7	49.66063	236.6754	0	0	0	9.426283
39.8	49.90655	237.5994	0	0	0	9.402696
39.9	50.14556	238.5229	0	0	0	9.386626
40	50.37754	239.4471	0	0	0	9.377624
40.1	50.60252	240.3725	0	0	0	9.37536
40.2	50.8205	241.2997	0	0	0	9.379838
40.3	51.03154	242.2293	0	0	0	9.391644
40.4	51.23579	243.1621	0	0	0	9.410728
40.5	51.43367	244.0985	0	0	0	9.43645
40.6	51.62579	245.039	0	0	0	9.468112
40.7	51.81287	245.9839	0	0	0	9.504564
40.8	51.99569	246.9334	0	0	0	9.544491
40.9	52.17493	247.8879	0	0	0	9.587739
41	52.3513	248.8474	0	0	0	9.633862
41.1	52.52564	249.8121	0	0	0	9.68232
41.2	52.69899	250.7818	0	0	0	9.731767
41.3	52.87242	251.7564	0	0	0	9.779768
41.4	53.04689	252.7355	0	0	0	9.82589
41.5	53.22306	253.7189	0	0	0	9.870247
41.6	53.40166	254.7064	0	0	0	9.912739
41.7	53.58355	255.6972	0	0	0	9.952178
41.8	53.76965	256.691	0	0	0	9.986347
41.9	53.96061	257.687	0	0	0	10.01491
42	54.15676	258.6846	0	0	0	10.03867
42.1	54.3584	259.6834	0	0	0	10.05767
42.2	54.56594	260.6821	0	0	0	10.0714
42.3	54.77976	261.6807	0	0	0	10.07817
42.4	54.9999	262.6785	0	0	0	10.07841
42.5	55.2262	263.6747	0	0	0	10.07312
42.6	55.45842	264.6686	0	0	0	10.06258
42.7	55.69635	265.6599	0	0	0	10.04677
42.8	55.93976	266.6478	0	0	0	10.0252
42.9	56.18814	267.6321	0	0	0	9.998968
43	56.44091	268.6124	0	0	0	9.968625
43.1	56.69746	269.5883	0	0	0	9.934835
43.2	56.95713	270.5599	0	0	0	9.897765
43.3	57.2192	271.5268	0	0	0	9.858339
43.4	57.4829	272.4891	0	0	0	9.817474
43.5	57.74745	273.447	0	0	0	9.775784
43.6	58.01208	274.4005	0	0	0	9.733648
43.7	58.27604	275.3499	0	0	0	9.691936
43.8	58.53848	276.2957	0	0	0	9.651792
43.9	58.79866	277.238	0	0	0	9.614361
44	59.05597	278.1774	0	0	0	9.579624
44.1	59.30987	279.1142	0	0	0	9.550173
44.2	59.56016	280.0496	0	0	0	9.536981
44.3	59.80851	280.9837	0	0	0	9.540768
44.4	60.05862	281.9158	0	0	0	9.554445
44.5	60.31433	282.8455	0	0	0	9.568541
44.6	60.57736	283.7723	0	0	0	9.578645
44.7	60.847	284.6967	0	0	0	9.585413
44.8	61.1212	285.6194	0	0	0	9.588487
44.9	61.39738	286.5409	0	0	0	9.592491
45	61.67244	287.4626	0	0	0	9.600619
45.1	61.94239	288.3865	0	0	0	9.612752
45.2	62.20299	289.3139	0	0	0	9.627454
45.3	62.45121	290.2466	0	0	0	9.654532
45.4	62.68527	291.1863	0	0	0	9.696416
45.5	62.90387	292.1348	0	0	0	9.752305
45.6	63.10622	293.0932	0	0	0	9.823485
45.7	63.29218	294.063	0	0	0	9.910768
45.8	63.46211	295.0454	0	0	0	10.01447
45.9	63.61635	296.0417	0	0	0	10.13333
46	63.75503	297.0526	0	0	0	10.25409
46.1	63.87805	298.0768	0	0	0	10.36548
46.2	63.98584	299.1147	0	0	0	10.4902
46.3	64.07936	300.1671	0	0	0	10.62735
46.4	64.15947	301.2349	0	0	0	10.77518
46.5	64.22715	302.3188	0	0	0	10.93217
46.6	64.28333	303.4194	0	0	0	11.09708
46.7	64.32912	304.5374	0	0	0	11.26866
46.8	64.36564	305.6732	0	0	0	11.44543
46.9	64.39417	306.827	0	0	0	11.62607
47	64.41602	307.9992	0	0	0	11.80924
47.1	64.4326	309.1898	0	0	0	11.99361
47.2	64.44534	310.3989	0	0	0	12.17774
47.3	64.45572	311.6263	0	0	0	12.36049
47.4	64.46532	312.8719	0	0	0	12.54064
47.5	64.47551	314.1353	0	0	0	12.71709
47.6	64.48787	315.4161	0	0	0	12.88863
47.7	64.50394	316.7137	0	0	0	13.05438
47.8	64.52531	318.0275	0	0	0	13.21342
47.9	64.55344	319.3566	0	0	0	13.36481
48	64.58974	320.7	0	0	0	13.49893
48.1	64.6356	322.0544	0	0	0	13.59152
48.2	64.69239	323.4154	0	0	0	13.64192
48.3	64.76118	324.7786	0	0	0	13.65135
48.4	64.84283	326.14	0	0	0	13.62149
48.5	64.93787	327.4955	0	0	0	13.55394
48.6	65.04643	328.8413	0	0	0	13.45085
48.7	65.16806	330.1738	0	0	0	13.31454
48.8	65.30197	331.4898	0	0	0	13.149
48.9	65.44725	332.7866	0	0	0	12.95913
49	65.60256	334.062	0	0	0	12.74968
49.1	65.76617	335.3145	0	0	0	12.52801
49.2	65.93661	336.5457	0	0	0	12.34862
49.3	66.1127	337.7586	0	0	0	12.17347
49.4	66.29259	338.953	0	0	0	11.99299
49.5	66.47436	340.1287	0	0	0	11.80897
49.6	66.65633	341.2856	0	0	0	11.6228
49.7	66.83677	342.4239	0	0	0	11.43577
49.8	67.01421	343.5439	0	0	0	11.24915
49.9	67.1871	344.6459	0	0	0	11.06417
50	67.354	345.7303	0	0	0	10.88224
50.1	67.51346	346.7978	0	0	0	10.70468
50.2	67.66418	347.8491	0	0	0	10.53289
50.3	67.80484	348.8849	0	0	0	10.36825
50.4	67.93432	349.9061	0	0	0	10.21218
50.5	68.0516	350.9138	0	0	0	10.06606
50.6	68.15567	351.909	0	0	0	9.93118
50.7	68.24569	352.8928	0	0	0	9.808802
50.8	68.32088	353.8664	0	0	0	9.70012
50.9	68.38059	354.8312	0	0	0	9.606128
51	68.4243	355.7883	0	0	0	9.527822
51.1	68.45158	356.7393	0	0	0	9.466039
51.2	68.46207	357.6855	0	0	0	9.421387
51.3	68.45561	358.6281	0	0	0	9.394245
51.4	68.43208	359.5687	0	0	0	9.384839
51.5	68.39147	360.5089	0	0	0	9.393193
51.6	68.33389	361.4499	0	0	0	9.419152
51.7	68.25957	362.3932	0	0	0	9.462257
51.8	68.16879	363.3403	0	0	0	9.521906
51.9	68.06202	364.2924	0	0	0	9.597383
52	67.93975	365.251	0	0	0	9.68777
52.1	67.80257	366.2174	0	0	0	9.791932
52.2	67.65112	367.1927	0	0	0	9.908644
52.3	67.48618	368.1782	0	0	0	10.03675
52.4	67.30861	369.1749	0	0	0	10.17503
52.5	67.11935	370.1839	0	0	0	10.32217
52.6	66.91932	371.2061	0	0	0	10.47665
52.7	66.70954	372.2422	0	0	0	10.63712
52.8	66.49114	373.2931	0	0	0	10.80236
52.9	66.26528	374.3595	0	0	0	10.97114
53	66.0332	375.4417	0	0	0	11.14217
53.1	65.7961	376.5404	0	0	0	11.31408
53.2	65.55527	377.6558	0	0	0	11.48569
53.3	65.31203	378.7881	0	0	0	11.65597
53.4	65.06772	379.9374	0	0	0	11.82398
53.5	64.82377	381.1037	0	0	0	11.98843
53.6	64.58155	382.2868	0	0	0	12.14838
53.7	64.3424	383.4865	0	0	0	12.30298
53.8	64.10771	384.7025	0	0	0	12.45133
53.9	63.87884	385.9343	0	0	0	12.59268
54	63.65717	387.1814	0	0	0	12.72619
54.1	63.44398	388.443	0	0	0	12.85114
54.2	63.24051	389.7183	0	0	0	12.96684
54.3	63.04797	391.0064	0	0	0	13.07276
54.4	62.86753	392.3065	0	0	0	13.16845
54.5	62.70026	393.6175	0	0	0	13.25321
54.6	62.54706	394.938	0	0	0	13.32657
54.7	62.40882	396.267	0	0	0	13.38837
54.8	62.28637	397.603	0	0	0	13.43829
54.9	62.18033	398.9448	0	0	0	13.4759
55	62.09116	400.2909	0	0	0	13.50092
55.1	62.01927	401.6398	0	0	0	13.51354
55.2	61.96495	402.9904	0	0	0	13.51356
55.3	61.92828	404.3409	0	0	0	13.50085
55.4	61.90918	405.6896	0	0	0	13.47551
55.5	61.90751	407.0353	0	0	0	13.43788
55.6	61.92297	408.3764	0	0	0	13.38802
55.7	61.95506	409.7116	0	0	0	13.32611
55.8	62.00314	411.0395	0	0	0	13.25256
55.9	62.06651	412.3588	0	0	0	13.16789
56	62.14433	413.6683	0	0	0	13.07245
56.1	62.23556	414.9668	0	0	0	12.96677
56.2	62.33913	416.2532	0	0	0	12.85152
56.3	62.45387	417.5266	0	0	0	12.72739
56.4	62.57855	418.7863	0	0	0	12.5951
56.5	62.7118	420.0313	0	0	0	12.45537
56.6	62.85224	421.2612	0	0	0	12.30914
56.7	62.99847	422.4754	0	0	0	12.15728
56.8	63.14905	423.6735	0	0	0	12.00077
56.9	63.30251	424.8553	0	0	0	11.84061
57	63.45737	426.0207	0	0	0	11.67782
57.1	63.61218	427.1696	0	0	0	11.51353
57.2	63.76554	428.3022	0	0	0	11.34886
57.3	63.91603	429.4186	0	0	0	11.18495
57.4	64.0623	430.5193	0	0	0	11.02307
57.5	64.20306	431.6046	0	0	0	10.86435
57.6	64.33709	432.675	0	0	0	10.70999
57.7	64.4632	433.7314	0	0	0	10.56125
57.8	64.58028	434.7742	0	0	0	10.41931
57.9	64.68739	435.8044	0	0	0	10.2854
58	64.78356	436.8228	0	0	0	10.16064
58.1	64.86798	437.8304	0	0	0	10.04615
58.2	64.93986	438.8282	0	0	0	9.942903
58.3	64.99857	439.8173	0	0	0	9.851868
58.4	65.04354	440.7988	0	0	0	9.773991
58.5	65.07435	441.7739	0	0	0	9.70997
58.6	65.09058	442.7437	0	0	0	9.660357
58.7	65.09196	443.7096	0	0	0	9.62563
58.8	65.07835	444.6729	0	0	0	9.606133
58.9	65.04967	445.6345	0	0	0	9.601979
59	65.00591	446.5958	0	0	0	9.613111
59.1	64.9472	447.5586	0	0	0	9.639299
59.2	64.87378	448.5237	0	0	0	9.680278
59.3	64.78593	449.4925	0	0	0	9.735478
59.4	64.68404	450.4661	0	0	0	9.804181
59.5	64.56857	451.4457	0	0	0	9.885556
59.6	64.44003	452.4324	0	0	0	9.978778
59.7	64.2991	453.4273	0	0	0	10.08295
59.8	64.14647	454.4315	0	0	0	10.19695
59.9	63.98288	455.4459	0	0	0	10.31964
60	63.80914	456.4713	0	0	0	10.44986
60.1	63.62615	457.5086	0	0	0	10.58649
60.2	63.43486	458.5584	0	0	0	10.72843
60.3	63.23628	459.6215	0	0	0	10.87459
60.4	63.03145	460.6982	0	0	0	11.02372
60.5	62.8214	461.7893	0	0	0	11.17462
60.6	62.60727	462.8948	0	0	0	11.32633
60.7	62.39024	464.0152	0	0	0	11.47793
60.8	62.17147	465.1506	0	0	0	11.62827
60.9	61.95218	466.301	0	0	0	11.77634
61	61.73352	467.4663	0	0	0	11.92128
61.1	61.51672	468.6466	0	0	0	12.06223
61.2	61.30303	469.8413	0	0	0	12.19842
61.3	61.09364	471.0504	0	0	0	12.32899
61.4	60.88974	472.2733	0	0	0	12.45317
61.5	60.69247	473.5095	0	0	0	12.57034
61.6	60.50295	474.7582	0	0	0	12.67977
61.7	60.32227	476.0189	0	0	0	12.78104
61.8	60.15149	477.2907	0	0	0	12.87353
61.9	59.99154	478.5727	0	0	0	12.95665
62	59.84329	479.8639	0	0	0	13.03001
62.1	59.70758	481.1634	0	0	0	13.09335
62.2	59.58516	482.47	0	0	0	13.14632
62.3	59.47661	483.7825	0	0	0	13.18846
62.4	59.38244	485.0998	0	0	0	13.21964
62.5	59.30307	486.4206	0	0	0	13.23986
62.6	59.23883	487.7437	0	0	0	13.24893
62.7	59.18987	489.0671	0	0	0	13.24665
62.8	59.1562	490.3904	0	0	0	13.23317
62.9	59.13782	491.7125	0	0	0	13.20868
63	59.13454	493.0315	0	0	0	13.1732
63.1	59.146	494.3464	0	0	0	13.12685
63.2	59.17177	495.6559	0	0	0	13.07
63.3	59.21134	496.9588	0	0	0	13.00306
63.4	59.26404	498.2541	0	0	0	12.9263
63.5	59.32909	499.5406	0	0	0	12.8401
63.6	59.40563	500.8174	0	0	0	12.74511
63.7	59.49271	502.0835	0	0	0	12.64184
63.8	59.58934	503.3382	0	0	0	12.53093
63.9	59.6944	504.5806	0	0	0	12.41295
64	59.80676	505.8102	0	0	0	12.28874
64.1	59.9252	507.0266	0	0	0	12.15904
64.2	60.04851	508.2292	0	0	0	12.02467
64.3	60.17542	509.4177	0	0	0	11.8865
64.4	60.30467	510.5919	0	0	0	11.74541
64.5	60.43502	511.7518	0	0	0	11.60238
64.6	60.56517	512.8972	0	0	0	11.45838
64.7	60.6939	514.0285	0	0	0	11.31438
64.8	60.82001	515.1456	0	0	0	11.17144
64.9	60.94233	516.2489	0	0	0	11.03063
65	61.05974	517.3389	0	0	0	10.89291
65.1	61.17116	518.416	0	0	0	10.75939
65.2	61.27557	519.4807	0	0	0	10.63111
65.3	61.37203	520.5336	0	0	0	10.50911
65.4	61.45964	521.5757	0	0	0	10.39437
65.5	61.5376	522.6074	0	0	0	10.28789
65.6	61.60519	523.6298	0	0	0	10.19051
65.7	61.66176	524.6437	0	0	0	10.10312
65.8	61.70674	525.6502	0	0	0	10.02655
65.9	61.73966	526.6503	0	0	0	9.961439
66	61.76009	527.6447	0	0	0	9.908329
66.1	61.76775	528.6349	0	0	0	9.86769
66.2	61.76239	529.6219	0	0	0	9.839944
66.3	61.74387	530.6059	0	0	0	9.825262
66.4	61.71213	531.5898	0	0	0	9.823691
66.5	61.6672	532.5739	0	0	0	9.835188
66.6	61.60921	533.558	0	0	0	9.859651
66.7	61.53834	534.545	0	0	0	9.896688
66.8	61.45486	535.5355	0	0	0	9.945798
66.9	61.35912	536.5301	0	0	0	10.00645
67	61.25152	537.5302	0	0	0	10.07804
67.1	61.13257	538.5367	0	0	0	10.15989
67.2	61.00284	539.5506	0	0	0	10.25108
67.3	60.8629	540.5728	0	0	0	10.35071
67.4	60.71342	541.6038	0	0	0	10.45789
67.5	60.55519	542.6447	0	0	0	10.57164
67.6	60.38898	543.6961	0	0	0	10.69113
67.7	60.21565	544.7586	0	0	0	10.8153
67.8	60.03604	545.8328	0	0	0	10.94305
67.9	59.8511	546.9191	0	0	0	11.07341
68	59.66176	548.018	0	0	0	11.20553
68.1	59.46905	549.1296	0	0	0	11.33855
68.2	59.27399	550.2542	0	0	0	11.47134
68.3	59.0776	551.392	0	0	0	11.60308
68.4	58.88098	552.5428	0	0	0	11.73289
68.5	58.68513	553.7069	0	0	0	11.86003
68.6	58.49115	554.884	0	0	0	11.98371
68.7	58.3001	556.0737	0	0	0	12.10308
68.8	58.11302	557.276	0	0	0	12.21748
68.9	57.93091	558.4902	0	0	0	12.32631
69	57.75479	559.7158	0	0	0	12.4289
69.1	57.58564	560.9526	0	0	0	12.52478
69.2	57.42439	562.1995	0	0	0	12.6133
69.3	57.27191	563.4561	0	0	0	12.69399
69.4	57.12901	564.7216	0	0	0	12.76643
69.5	56.99641	565.9949	0	0	0	12.83032
69.6	56.87486	567.2753	0	0	0	12.88528
69.7	56.76491	568.5616	0	0	0	12.93088
69.8	56.66707	569.8532	0	0	0	12.96699
69.9	56.58181	571.1486	0	0	0	12.99353
70	56.50946	572.4471	0	0	0	13.01028
70.1	56.45024	573.7464	0	0	0	13.01705
70.2	56.40426	575.0486	0	0	0	13.01388
70.3	56.37158	576.3486	0	0	0	13.00096
70.4	56.35213	577.6476	0	0	0	12.97823
70.5	56.34572	578.9438	0	0	0	12.94574
70.6	56.35206	580.236	0	0	0	12.90381
70.7	56.37078	581.5237	0	0	0	12.8527
70.8	56.40141	582.8055	0	0	0	12.79268
70.9	56.44334	584.0805	0	0	0	12.72397
71	56.49589	585.3478	0	0	0	12.64718
71.1	56.55836	586.6066	0	0	0	12.56271
71.2	56.62988	587.8561	0	0	0	12.47109
71.3	56.70955	589.0955	0	0	0	12.37281
71.4	56.79647	590.3243	0	0	0	12.26853
71.5	56.88963	591.542	0	0	0	12.15897
71.6	56.98801	592.748	0	0	0	12.04474
71.7	57.09054	593.942	0	0	0	11.92657
71.8	57.19614	595.1236	0	0	0	11.8053
71.9	57.30371	596.2928	0	0	0	11.68167
72	57.41217	597.4496	0	0	0	11.55659
72.1	57.52042	598.5938	0	0	0	11.43085
72.2	57.6274	599.7255	0	0	0	11.30534
72.3	57.73205	600.8449	0	0	0	11.18104
72.4	57.83337	601.9524	0	0	0	11.05878
72.5	57.93036	603.0482	0	0	0	10.93945
72.6	58.0221	604.1329	0	0	0	10.82401
72.7	58.10773	605.2065	0	0	0	10.71339
72.8	58.18641	606.2701	0	0	0	10.60836
72.9	58.25736	607.3242	0	0	0	10.50982
73	58.31988	608.3692	0	0	0	10.41856
73.1	58.37335	609.4063	0	0	0	10.33532
73.2	58.4172	610.4359	0	0	0	10.26086
73.3	58.45091	611.4591	0	0	0	10.1958
73.4	58.47407	612.4767	0	0	0	10.14065
73.5	58.48632	613.4894	0	0	0	10.09582
73.6	58.48739	614.4985	0	0	0	10.06183
73.7	58.4771	615.5046	0	0	0	10.03888
73.8	58.4553	616.5098	0	0	0	10.0271
73.9	58.42196	617.5125	0	0	0	10.02653
74	58.37709	618.5157	0	0	0	10.03723
74.1	58.32082	619.5209	0	0	0	10.059
74.2	58.25329	620.5276	0	0	0	10.09145
74.3	58.17473	621.5372	0	0	0	10.13427
74.4	58.08546	622.5507	0	0	0	10.18707
74.5	57.98586	623.5691	0	0	0	10.24934
74.6	57.87635	624.5931	0	0	0	10.32033
74.7	57.75742	625.6236	0	0	0	10.3994
74.8	57.6296	626.6614	0	0	0	10.48583
74.9	57.49352	627.7072	0	0	0	10.57886
75	57.34983	628.7615	0	0	0	10.67775
75.1	57.19923	629.825	0	0	0	10.7816
75.2	57.04245	630.8983	0	0	0	10.88949
75.3	56.88025	631.9818	0	0	0	11.00061
75.4	56.71349	633.076	0	0	0	11.11423
75.5	56.54302	634.1811	0	0	0	11.22952
75.6	56.36971	635.2973	0	0	0	11.34546
75.7	56.19442	636.425	0	0	0	11.46136
75.8	56.01807	637.5642	0	0	0	11.57644
75.9	55.84158	638.7148	0	0	0	11.68996
76	55.6659	639.8769	0	0	0	11.80124
76.1	55.49195	641.0503	0	0	0	11.90944
76.2	55.32066	642.2349	0	0	0	12.01397
76.3	55.1529	643.4301	0	0	0	12.11424
76.4	54.98959	644.6359	0	0	0	12.20964
76.5	54.83161	645.8517	0	0	0	12.29961
76.6	54.67979	647.077	0	0	0	12.38364
76.7	54.53491	648.3113	0	0	0	12.46117
76.8	54.39771	649.5538	0	0	0	12.53187
76.9	54.26892	650.804	0	0	0	12.59539
77	54.1492	652.061	0	0	0	12.65129
77.1	54.03908	653.3241	0	0	0	12.69924
77.2	53.93907	654.5922	0	0	0	12.739
77.3	53.84964	655.8649	0	0	0	12.77052
77.4	53.77116	657.141	0	0	0	12.79349
77.5	53.70387	658.4189	0	0	0	12.80775
77.6	53.64795	659.6998	0	0	0	12.81328
77.7	53.60355	660.9807	0	0	0	12.81015
77.8	53.57065	662.2615	0	0	0	12.7984
77.9	53.54918	663.5397	0	0	0	12.77789
78	53.53897	664.8161	0	0	0	12.74895
78.1	53.53983	666.0892	0	0	0	12.71173
78.2	53.5514	667.3581	0	0	0	12.66644
78.3	53.57322	668.6219	0	0	0	12.61323
78.4	53.6048	669.8797	0	0	0	12.55254
78.5	53.64556	671.1307	0	0	0	12.48484
78.6	53.69487	672.3745	0	0	0	12.41044
78.7	53.75201	673.61	0	0	0	12.32976
78.8	53.81623	674.8369	0	0	0	12.24337
78.9	53.8867	676.0544	0	0	0	12.15183
79	53.96257	677.2623	0	0	0	12.05575
79.1	54.04296	678.46	0	0	0	11.95564
79.2	54.12694	679.6474	0	0	0	11.85222
79.3	54.21359	680.824	0	0	0	11.74623
79.4	54.30198	681.9899	0	0	0	11.63831
79.5	54.39112	683.1447	0	0	0	11.52921
79.6	54.48013	684.2887	0	0	0	11.41969
79.7	54.56806	685.4219	0	0	0	11.3105
79.8	54.654	686.5443	0	0	0	11.20251
79.9	54.73709	687.6564	0	0	0	11.09642
80	54.81644	688.7581	0	0	0	10.99296
80.1	54.89127	689.8501	0	0	0	10.89304
80.2	54.9608	690.9327	0	0	0	10.79737
80.3	55.02431	692.0064	0	0	0	10.70664
80.4	55.08113	693.0718	0	0	0	10.62161
80.5	55.13063	694.1295	0	0	0	10.54298
80.6	55.17227	695.18	0	0	0	10.47136
80.7	55.20554	696.2241	0	0	0	10.40732
80.8	55.22998	697.2626	0	0	0	10.35141
80.9	55.24521	698.2962	0	0	0	10.30403
81	55.25101	699.3259	0	0	0	10.26564
81.1	55.24699	700.3521	0	0	0	10.23652
81.2	55.23306	701.3754	0	0	0	10.21689
81.3	55.2091	702.3979	0	0	0	10.20683
81.4	55.17503	703.4182	0	0	0	10.20643
81.5	55.13091	704.4384	0	0	0	10.21569
81.6	55.07684	705.4615	0	0	0	10.23441
81.7	55.01292	706.4854	0	0	0	10.26227
81.8	54.93934	707.5122	0	0	0	10.29912
81.9	54.85647	708.5425	0	0	0	10.34462
82	54.76455	709.5766	0	0	0	10.39817
82.1	54.66397	710.616	0	0	0	10.45928
82.2	54.55514	711.6609	0	0	0	10.52745
82.3	54.43858	712.7121	0	0	0	10.60208
82.4	54.3148	713.7703	0	0	0	10.68253
82.5	54.18438	714.836	0	0	0	10.76806
82.6	54.0479	715.9098	0	0	0	10.85796
82.7	53.90605	716.9921	0	0	0	10.9515
82.8	53.7595	718.0833	0	0	0	11.04805
82.9	53.609	719.1838	0	0	0	11.14689
83	53.45527	720.2938	0	0	0	11.24714
83.1	53.29908	721.4135	0	0	0	11.34813
83.2	53.14119	722.5433	0	0	0	11.44923
83.3	52.98244	723.683	0	0	0	11.54975
83.4	52.82363	724.8327	0	0	0	11.64897
83.5	52.6656	725.9924	0	0	0	11.74624
83.6	52.50912	727.162	0	0	0	11.84091
83.7	52.35501	728.3414	0	0	0	11.93245
83.8	52.20404	729.53	0	0	0	12.02033
83.9	52.05701	730.7278	0	0	0	12.10394
84	51.91462	731.9343	0	0	0	12.18284
84.1	51.77761	733.1489	0	0	0	12.25653
84.2	51.64665	734.3716	0	0	0	12.32461
84.3	51.52242	735.6013	0	0	0	12.38678
84.4	51.40553	736.8376	0	0	0	12.44255
84.5	51.2965	738.08	0	0	0	12.49164
84.6	51.19584	739.3275	0	0	0	12.53378
84.7	51.10398	740.5795	0	0	0	12.56883
84.8	51.02129	741.8353	0	0	0	12.59654
84.9	50.94808	743.0942	0	0	0	12.61668
85	50.88454	744.3549	0	0	0	12.62923
85.1	50.83088	745.6176	0	0	0	12.6342
85.2	50.78718	746.8803	0	0	0	12.63152
85.3	50.75341	748.1429	0	0	0	12.62118
85.4	50.72953	749.404	0	0	0	12.60321
85.5	50.7154	750.6633	0	0	0	12.57796
85.6	50.71087	751.9193	0	0	0	12.54539
85.7	50.71553	753.1718	0	0	0	12.50569
85.8	50.72905	754.4201	0	0	0	12.45914
85.9	50.751	755.6631	0	0	0	12.40609
86	50.78091	756.9003	0	0	0	12.34692
86.1	50.8182	758.1312	0	0	0	12.28185
86.2	50.86226	759.3549	0	0	0	12.21137
86.3	50.91245	760.5712	0	0	0	12.136
86.4	50.96809	761.7793	0	0	0	12.05616
86.5	51.02846	762.9791	0	0	0	11.97235
86.6	51.09277	764.1702	0	0	0	11.88509
86.7	51.16026	765.3522	0	0	0	11.79502
86.8	51.23011	766.525	0	0	0	11.70275
86.9	51.30153	767.6884	0	0	0	11.60884
87	51.37366	768.8423	0	0	0	11.51394
87.1	51.44571	769.9868	0	0	0	11.41877
87.2	51.51692	771.1217	0	0	0	11.32398
87.3	51.58648	772.2474	0	0	0	11.23021
87.4	51.65361	773.364	0	0	0	11.13818
87.5	51.71757	774.4717	0	0	0	11.04852
87.6	51.77767	775.5709	0	0	0	10.96199
87.7	51.83321	776.6617	0	0	0	10.87916
87.8	51.88359	777.7451	0	0	0	10.80063
87.9	51.92821	778.821	0	0	0	10.72705
88	51.96651	779.8901	0	0	0	10.65909
88.1	51.99802	780.9531	0	0	0	10.59714
88.2	52.02227	782.0105	0	0	0	10.54174
88.3	52.03889	783.0627	0	0	0	10.49333
88.4	52.04753	784.111	0	0	0	10.45232
88.5	52.04792	785.1555	0	0	0	10.41899
88.6	52.03986	786.1969	0	0	0	10.3936
88.7	52.02315	787.2358	0	0	0	10.37635
88.8	51.99771	788.2742	0	0	0	10.36732
88.9	51.96349	789.3127	0	0	0	10.36659
89	51.92049	790.3511	0	0	0	10.37412
89.1	51.86881	791.3895	0	0	0	10.38975
89.2	51.80855	792.4288	0	0	0	10.41331
89.3	51.73989	793.4705	0	0	0	10.44463
89.4	51.66307	794.5154	0	0	0	10.48335
89.5	51.57834	795.5639	0	0	0	10.52902
89.6	51.48604	796.6163	0	0	0	10.58127
89.7	51.38654	797.6739	0	0	0	10.63973
89.8	51.28025	798.7369	0	0	0	10.70386
89.9	51.16767	799.8058	0	0	0	10.773
90	51.04926	800.8813	0	0	0	10.84664
90.1	50.92556	801.9639	0	0	0	10.92419
90.2	50.79717	803.0537	0	0	0	11.00505
90.3	50.66468	804.1513	0	0	0	11.08864
90.4	50.52873	805.257	0	0	0	11.17422
90.5	50.38995	806.371	0	0	0	11.26116
90.6	50.249	807.4935	0	0	0	11.34894
90.7	50.1066	808.6247	0	0	0	11.43696
90.8	49.96343	809.7645	0	0	0	11.52449
90.9	49.8202	810.9131	0	0	0	11.61099
91	49.67759	812.0703	0	0	0	11.69591
91.1	49.53632	813.2361	0	0	0	11.77872
91.2	49.39708	814.4105	0	0	0	11.8589
91.3	49.2606	815.593	0	0	0	11.93591
91.4	49.12751	816.7833	0	0	0	12.00925
91.5	48.99846	817.9813	0	0	0	12.07855
91.6	48.87409	819.1865	0	0	0	12.14334
91.7	48.75499	820.3984	0	0	0	12.20332
91.8	48.64171	821.6166	0	0	0	12.25807
91.9	48.53477	822.8407	0	0	0	12.30724
92	48.43463	824.0698	0	0	0	12.3506
92.1	48.34173	825.3036	0	0	0	12.38798
92.2	48.25646	826.5412	0	0	0	12.41909
92.3	48.17913	827.7822	0	0	0	12.44375
92.4	48.10997	829.026	0	0	0	12.46178
92.5	48.04921	830.2709	0	0	0	12.47327
92.6	47.99701	831.5185	0	0	0	12.47805
92.7	47.95341	832.7661	0	0	0	12.47606
92.8	47.91842	834.0135	0	0	0	12.46735
92.9	47.89198	835.2591	0	0	0	12.45205
93	47.87403	836.5035	0	0	0	12.43033
93.1	47.86438	837.7451	0	0	0	12.40212
93.2	47.86274	838.9836	0	0	0	12.36763
93.3	47.86882	840.2181	0	0	0	12.32722
93.4	47.88224	841.4487	0	0	0	12.28108
93.5	47.90261	842.674	0	0	0	12.2295
93.6	47.9294	843.8937	0	0	0	12.17278
93.7	47.9621	845.1075	0	0	0	12.11136
93.8	48.0002	846.3148	0	0	0	12.04568
93.9	48.04305	847.5151	0	0	0	11.97603
94	48.09005	848.7081	0	0	0	11.90292
94.1	48.14051	849.8935	0	0	0	11.82688
94.2	48.19379	851.071	0	0	0	11.74841
94.3	48.2492	852.2405	0	0	0	11.66803
94.4	48.30602	853.402	0	0	0	11.58623
94.5	48.36355	854.5551	0	0	0	11.50363
94.6	48.42109	855.6999	0	0	0	11.42085
94.7	48.47795	856.8365	0	0	0	11.33837
94.8	48.53345	857.9652	0	0	0	11.25683
94.9	48.58691	859.0857	0	0	0	11.17681
95	48.63769	860.1987	0	0	0	11.09893
95.1	48.68518	861.304	0	0	0	11.0237
95.2	48.72876	862.4023	0	0	0	10.95173
95.3	48.76789	863.4938	0	0	0	10.88352
95.4	48.80204	864.5789	0	0	0	10.81963
95.5	48.83075	865.658	0	0	0	10.76058
95.6	48.85357	866.7315	0	0	0	10.70674
95.7	48.87012	867.8004	0	0	0	10.65854
95.8	48.88003	868.8646	0	0	0	10.61641
95.9	48.88303	869.9252	0	0	0	10.58067
96	48.87885	870.9825	0	0	0	10.55151
96.1	48.86729	872.0372	0	0	0	10.52919
96.2	48.84821	873.0908	0	0	0	10.5139
96.3	48.82152	874.1414	0	0	0	10.50572
96.4	48.78714	875.192	0	0	0	10.50462
96.5	48.74511	876.2424	0	0	0	10.51067
96.6	48.69549	877.2931	0	0	0	10.52372
96.7	48.63837	878.3466	0	0	0	10.54362
96.8	48.57392	879.4012	0	0	0	10.57022
96.9	48.5023	880.4584	0	0	0	10.6032
97	48.42374	881.5189	0	0	0	10.64225
97.1	48.33858	882.5829	0	0	0	10.68706
97.2	48.24712	883.6512	0	0	0	10.73732
97.3	48.14973	884.7243	0	0	0	10.79246
97.4	48.04679	885.8027	0	0	0	10.852
97.5	47.93875	886.8866	0	0	0	10.91555
97.6	47.8261	887.9766	0	0	0	10.98261
97.7	47.70932	889.0729	0	0	0	11.05261
97.8	47.58897	890.1761	0	0	0	11.125
97.9	47.46555	891.2864	0	0	0	11.19925
98	47.33966	892.4038	0	0	0	11.27477
98.1	47.21189	893.5287	0	0	0	11.35117
98.2	47.08284	894.661	0	0	0	11.42779
98.3	46.95313	895.8009	0	0	0	11.50406
98.4	46.82339	896.9484	0	0	0	11.57954
98.5	46.69415	898.1035	0	0	0	11.65372
98.6	46.5661	899.2661	0	0	0	11.72609
98.7	46.43983	900.4359	0	0	0	11.79623
98.8	46.31595	901.613	0	0	0	11.86365
98.9	46.19503	902.797	0	0	0	11.92791
99	46.07762	903.9875	0	0	0	11.98868
99.1	45.96427	905.1843	0	0	0	12.04559
99.2	45.85552	906.3871	0	0	0	12.09825
99.3	45.75179	907.5953	0	0	0	12.14638
99.4	45.65355	908.8083	0	0	0	12.18964
99.5	45.56121	910.0262	0	0	0	12.22792
99.6	45.47516	911.248	0	0	0	12.26093
99.7	45.3957	912.4732	0	0	0	12.28842
99.8	45.32309	913.7014	0	0	0	12.31028
99.9	45.25756	914.9315	0	0	0	12.32643
100	45.19931	916.1638	0	0	0	12.33683
100.1	45.14845	917.3962	0	0	0	12.34133
100.2	45.105	918.6285	0	0	0	12.33989
100.3	45.069	919.8609	0	0	0	12.33266
100.4	45.04042	921.0932	0	0	0	12.31963
100.5	45.01915	922.3243	0	0	0	12.3009
100.6	45.00505	923.5535	0	0	0	12.27655
100.7	44.99788	924.7797	0	0	0	12.24678
100.8	44.99743	926.0026	0	0	0	12.21184
100.9	45.00336	927.2217	0	0	0	12.17184
101	45.01528	928.4369	0	0	0	12.12705
101.1	45.03279	929.6469	0	0	0	12.07787
101.2	45.05546	930.8518	0	0	0	12.02458
101.3	45.0828	932.0512	0	0	0	11.96755
101.4	45.11432	933.2446	0	0	0	11.90707
101.5	45.14944	934.4316	0	0	0	11.84361
101.6	45.18761	935.6121	0	0	0	11.77766
101.7	45.22829	936.7859	0	0	0	11.70955
101.8	45.27084	937.9526	0	0	0	11.63977
101.9	45.31467	939.1122	0	0	0	11.56882
102	45.35918	940.265	0	0	0	11.49719
102.1	45.40376	941.4102	0	0	0	11.4254
102.2	45.4478	942.5485	0	0	0	11.35391
102.3	45.49068	943.6799	0	0	0	11.28319
102.4	45.53184	944.8041	0	0	0	11.21391
102.5	45.57073	945.9218	0	0	0	11.1465
102.6	45.60682	947.0329	0	0	0	11.08138
102.7	45.63956	948.1378	0	0	0	11.01907
102.8	45.66851	949.2368	0	0	0	10.9601
102.9	45.69321	950.3302	0	0	0	10.90481
103	45.71326	951.4185	0	0	0	10.85364
103.1	45.72824	952.5018	0	0	0	10.80699
103.2	45.73782	953.5809	0	0	0	10.76515
103.3	45.74169	954.6564	0	0	0	10.72855
103.4	45.73959	955.7283	0	0	0	10.6974
103.5	45.73129	956.7973	0	0	0	10.6719
103.6	45.71662	957.864	0	0	0	10.65223
103.7	45.69541	958.9297	0	0	0	10.63864
103.8	45.6676	959.9932	0	0	0	10.63112
103.9	45.63313	961.0558	0	0	0	10.62966
104	45.59201	962.1184	0	0	0	10.63435
104.1	45.5443	963.1814	0	0	0	10.64508
104.2	45.49009	964.2471	0	0	0	10.66168
104.3	45.42951	965.3131	0	0	0	10.68399
104.4	45.36269	966.3818	0	0	0	10.71183
104.5	45.28984	967.4531	0	0	0	10.74493
104.6	45.21124	968.5274	0	0	0	10.78304
104.7	45.12716	969.6058	0	0	0	10.82582
104.8	45.0379	970.6879	0	0	0	10.87284
104.9	44.94379	971.7745	0	0	0	10.92376
105	44.84526	972.866	0	0	0	10.9782
105.1	44.74268	973.9629	0	0	0	11.03578
105.2	44.63652	975.0652	0	0	0	11.09589
105.3	44.52721	976.1733	0	0	0	11.15816
105.4	44.41523	977.2875	0	0	0	11.22215
105.5	44.30107	978.408	0	0	0	11.28738
105.6	44.18527	979.5347	0	0	0	11.35338
105.7	44.06833	980.668	0	0	0	11.41965
105.8	43.95075	981.8079	0	0	0	11.4857
105.9	43.83305	982.9544	0	0	0	11.5512
106	43.71581	984.1075	0	0	0	11.6157
106.1	43.59952	985.267	0	0	0	11.67868
106.2	43.48471	986.4328	0	0	0	11.73983
106.3	43.37188	987.6049	0	0	0	11.79871
106.4	43.26157	988.7829	0	0	0	11.85494
106.5	43.15425	989.9667	0	0	0	11.90827
106.6	43.05043	991.1559	0	0	0	11.95822
106.7	42.95052	992.3503	0	0	0	12.00453
106.8	42.85494	993.5496	0	0	0	12.04694
106.9	42.76407	994.7531	0	0	0	12.0852
107	42.67829	995.9604	0	0	0	12.11911
107.1	42.5979	997.1713	0	0	0	12.14844
107.2	42.52316	998.3856	0	0	0	12.17296
107.3	42.45432	999.6025	0	0	0	12.19267
107.4	42.39159	1000.821	0	0	0	12.20742
107.5	42.33513	1002.041	0	0	0	12.21709
107.6	42.28501	1003.262	0	0	0	12.22162
107.7	42.24129	1004.482	0	0	0	12.22103
107.8	42.20402	1005.702	0	0	0	12.2154
107.9	42.17317	1006.922	0	0	0	12.20467
108	42.14861	1008.142	0	0	0	12.1889
108.1	42.13025	1009.36	0	0	0	12.16833
108.2	42.11794	1010.575	0	0	0	12.14302
108.3	42.11145	1011.788	0	0	0	12.11314
108.4	42.11049	1012.998	0	0	0	12.07884
108.5	42.11475	1014.204	0	0	0	12.04033
108.6	42.12387	1015.406	0	0	0	11.99803
108.7	42.13755	1016.604	0	0	0	11.95212
108.8	42.15532	1017.796	0	0	0	11.90287
108.9	42.17675	1018.984	0	0	0	11.85064
109	42.20139	1020.166	0	0	0	11.7958
109.1	42.22879	1021.343	0	0	0	11.73874
109.2	42.25841	1022.513	0	0	0	11.67981
109.3	42.28973	1023.678	0	0	0	11.61935
109.4	42.32226	1024.837	0	0	0	11.5579
109.5	42.35548	1025.989	0	0	0	11.49584
109.6	42.38881	1027.135	0	0	0	11.43352
109.7	42.42184	1028.275	0	0	0	11.37148
109.8	42.45403	1029.409	0	0	0	11.31005
109.9	42.48487	1030.537	0	0	0	11.24976
110	42.51391	1031.659	0	0	0	11.19105
110.1	42.54066	1032.775	0	0	0	11.13417
110.2	42.56466	1033.886	0	0	0	11.07968
110.3	42.58546	1034.991	0	0	0	11.02804
110.4	42.60265	1036.092	0	0	0	10.97951
110.5	42.61581	1037.188	0	0	0	10.93445
110.6	42.62461	1038.28	0	0	0	10.89329
110.7	42.62878	1039.367	0	0	0	10.85639
110.8	42.62801	1040.452	0	0	0	10.82394
110.9	42.62205	1041.533	0	0	0	10.79617
111	42.6107	1042.614	0	0	0	10.77328
111.1	42.59379	1043.689	0	0	0	10.75537
111.2	42.57122	1044.764	0	0	0	10.74276
111.3	42.54293	1045.839	0	0	0	10.7354
111.4	42.50885	1046.913	0	0	0	10.73327
111.5	42.46898	1047.988	0	0	0	10.73638
111.6	42.42332	1049.063	0	0	0	10.74478
111.7	42.3719	1050.138	0	0	0	10.75827
111.8	42.31483	1051.212	0	0	0	10.77673
111.9	42.25227	1052.291	0	0	0	10.80011
112	42.18445	1053.371	0	0	0	10.82813
112.1	42.11155	1054.453	0	0	0	10.86053
112.2	42.03382	1055.54	0	0	0	10.89702
112.3	41.95153	1056.629	0	0	0	10.93724
112.4	41.86498	1057.722	0	0	0	10.98089
112.5	41.77451	1058.82	0	0	0	11.02777
112.6	41.68046	1059.922	0	0	0	11.07742
112.7	41.5832	1061.029	0	0	0	11.12929
112.8	41.48314	1062.14	0	0	0	11.18317
112.9	41.38068	1063.257	0	0	0	11.23874
113	41.27626	1064.38	0	0	0	11.29549
113.1	41.1703	1065.509	0	0	0	11.35292
113.2	41.06326	1066.642	0	0	0	11.41068
113.3	40.95562	1067.782	0	0	0	11.46842
113.4	40.84784	1068.927	0	0	0	11.52576
113.5	40.74046	1070.078	0	0	0	11.5823
113.6	40.63389	1071.235	0	0	0	11.63753
113.7	40.5286	1072.397	0	0	0	11.69121
113.8	40.42504	1073.565	0	0	0	11.74297
113.9	40.32365	1074.737	0	0	0	11.79247
114	40.22483	1075.915	0	0	0	11.8394
114.1	40.12896	1077.099	0	0	0	11.88346
114.2	40.03644	1078.286	0	0	0	11.92434
114.3	39.94763	1079.477	0	0	0	11.96197
114.4	39.86292	1080.673	0	0	0	11.99605
114.5	39.78256	1081.871	0	0	0	12.02626
114.6	39.70684	1083.073	0	0	0	12.05244
114.7	39.63601	1084.277	0	0	0	12.07452
114.8	39.57033	1085.485	0	0	0	12.09246
114.9	39.50994	1086.693	0	0	0	12.10599
115	39.45493	1087.902	0	0	0	12.11502
115.1	39.40541	1089.111	0	0	0	12.11962
115.2	39.36152	1090.325	0	0	0	12.11977
115.3	39.3233	1091.54	0	0	0	12.11542
115.4	39.29065	1092.749	0	0	0	12.1066
115.5	39.26343	1093.957	0	0	0	12.09337
115.6	39.24153	1095.165	0	0	0	12.07592
115.7	39.2248	1096.373	0	0	0	12.05439
115.8	39.21302	1097.576	0	0	0	12.02888
115.9	39.20596	1098.778	0	0	0	11.99959
116	39.20343	1099.976	0	0	0	11.96677
116.1	39.20515	1101.172	0	0	0	11.93061
116.2	39.21082	1102.362	0	0	0	11.89131
116.3	39.22009	1103.549	0	0	0	11.84903
116.4	39.23258	1104.733	0	0	0	11.8042
116.5	39.24791	1105.911	0	0	0	11.75714
116.6	39.26566	1107.083	0	0	0	11.708
116.7	39.28539	1108.252	0	0	0	11.65725
116.8	39.3067	1109.415	0	0	0	11.60518
116.9	39.32915	1110.573	0	0	0	11.55224
117	39.35229	1111.726	0	0	0	11.49871
117.1	39.37569	1112.873	0	0	0	11.44494
117.2	39.39883	1114.015	0	0	0	11.39129
117.3	39.42129	1115.151	0	0	0	11.33834
117.4	39.44263	1116.282	0	0	0	11.28628
117.5	39.46242	1117.408	0	0	0	11.23545
117.6	39.48025	1118.53	0	0	0	11.18636
117.7	39.49574	1119.647	0	0	0	11.13931
117.8	39.50856	1120.758	0	0	0	11.09463
117.9	39.51835	1121.866	0	0	0	11.0526
118	39.52482	1122.97	0	0	0	11.01355
118.1	39.52762	1124.069	0	0	0	10.97776
118.2	39.5265	1125.167	0	0	0	10.94552
118.3	39.52118	1126.26	0	0	0	10.91698
118.4	39.51144	1127.352	0	0	0	10.8924
118.5	39.49711	1128.439	0	0	0	10.87198
118.6	39.47803	1129.526	0	0	0	10.8559
118.7	39.45418	1130.613	0	0	0	10.84419
118.8	39.42544	1131.7	0	0	0	10.83689
118.9	39.39169	1132.782	0	0	0	10.83409
119	39.35288	1133.863	0	0	0	10.83582
119.1	39.30901	1134.945	0	0	0	10.84211
119.2	39.26016	1136.032	0	0	0	10.85279
119.3	39.20641	1137.119	0	0	0	10.86774
119.4	39.1479	1138.206	0	0	0	10.88698
119.5	39.0848	1139.293	0	0	0	10.91024
119.6	39.0173	1140.386	0	0	0	10.93727
119.7	38.9456	1141.479	0	0	0	10.96781
119.8	38.8699	1142.576	0	0	0	11.00171
119.9	38.79047	1143.675	0	0	0	11.03861
120	38.70758	1144.779	0	0	0	11.07824
120.1	38.62155	1145.886	0	0	0	11.12037
120.2	38.53272	1146.997	0	0	0	11.16461
120.3	38.44143	1148.114	0	0	0	11.21063
120.4	38.348	1149.234	0	0	0	11.2581
120.5	38.25282	1150.359	0	0	0	11.30664
120.6	38.15629	1151.488	0	0	0	11.35589
120.7	38.0588	1152.623	0	0	0	11.40559
120.8	37.96075	1153.763	0	0	0	11.4553
120.9	37.86258	1154.907	0	0	0	11.50469
121	37.76465	1156.056	0	0	0	11.55348
121.1	37.66738	1157.21	0	0	0	11.60121
121.2	37.57115	1158.369	0	0	0	11.64763
121.3	37.47636	1159.534	0	0	0	11.69253
121.4	37.3834	1160.702	0	0	0	11.73548
121.5	37.29264	1161.873	0	0	0	11.77624
121.6	37.20442	1163.051	0	0	0	11.81465
121.7	37.11904	1164.231	0	0	0	11.85034
121.8	37.03682	1165.415	0	0	0	11.88319
121.9	36.95804	1166.604	0	0	0	11.91296
122	36.88299	1167.794	0	0	0	11.93943
122.1	36.81189	1168.987	0	0	0	11.96258
122.2	36.745	1170.183	0	0	0	11.98222
122.3	36.68246	1171.379	0	0	0	11.99813
122.4	36.6244	1172.58	0	0	0	12.0103
122.5	36.57097	1173.782	0	0	0	12.0186
122.6	36.52224	1174.984	0	0	0	12.02311
122.7	36.47833	1176.186	0	0	0	12.02382
122.8	36.43923	1177.388	0	0	0	12.02058
122.9	36.40489	1178.59	0	0	0	12.01345
123	36.37526	1179.792	0	0	0	12.00255
123.1	36.35026	1180.993	0	0	0	11.988
123.2	36.32972	1182.189	0	0	0	11.9699
123.3	36.31346	1183.385	0	0	0	11.9483
123.4	36.30131	1184.58	0	0	0	11.92336
123.5	36.29303	1185.77	0	0	0	11.89542
123.6	36.28844	1186.959	0	0	0	11.86453
123.7	36.28728	1188.143	0	0	0	11.83088
123.8	36.28928	1189.325	0	0	0	11.79471
123.9	36.29413	1190.503	0	0	0	11.7563
124	36.30154	1191.676	0	0	0	11.71585
124.1	36.31112	1192.846	0	0	0	11.67359
124.2	36.32248	1194.011	0	0	0	11.62985
124.3	36.33525	1195.172	0	0	0	11.58505
124.4	36.34904	1196.328	0	0	0	11.53935
124.5	36.36342	1197.48	0	0	0	11.49312
124.6	36.37803	1198.628	0	0	0	11.44676
124.7	36.39251	1199.77	0	0	0	11.40055
124.8	36.40649	1200.908	0	0	0	11.3548
124.9	36.41967	1202.042	0	0	0	11.30988
125	36.43166	1203.171	0	0	0	11.2659
125.1	36.44212	1204.295	0	0	0	11.22334
125.2	36.4507	1205.416	0	0	0	11.18238
125.3	36.45702	1206.533	0	0	0	11.14335
125.4	36.46075	1207.645	0	0	0	11.10662
125.5	36.46159	1208.755	0	0	0	11.07246
125.6	36.45928	1209.86	0	0	0	11.04111
125.7	36.45357	1210.965	0	0	0	11.01281
125.8	36.44424	1212.064	0	0	0	10.98773
125.9	36.43111	1213.163	0	0	0	10.96605
126	36.41405	1214.259	0	0	0	10.94795
126.1	36.39292	1215.352	0	0	0	10.9336
126.2	36.3676	1216.445	0	0	0	10.92295
126.3	36.33797	1217.538	0	0	0	10.91612
126.4	36.304	1218.631	0	0	0	10.91325
126.5	36.26566	1219.724	0	0	0	10.91428
126.6	36.22294	1220.817	0	0	0	10.91917
126.7	36.17589	1221.91	0	0	0	10.9279
126.8	36.12454	1223.002	0	0	0	10.94036
126.9	36.069	1224.095	0	0	0	10.95651
127	36.00941	1225.191	0	0	0	10.9762
127.1	35.94598	1226.29	0	0	0	10.99916
127.2	35.87884	1227.388	0	0	0	11.02525
127.3	35.8082	1228.491	0	0	0	11.05429
127.4	35.73429	1229.596	0	0	0	11.08603
127.5	35.65733	1230.705	0	0	0	11.12015
127.6	35.57757	1231.816	0	0	0	11.1564
127.7	35.49531	1232.932	0	0	0	11.19458
127.8	35.41087	1234.05	0	0	0	11.2344
127.9	35.32458	1235.174	0	0	0	11.27555
128	35.23675	1236.301	0	0	0	11.31767
128.1	35.1477	1237.431	0	0	0	11.36045
128.2	35.05777	1238.567	0	0	0	11.40366
128.3	34.96726	1239.707	0	0	0	11.44697
128.4	34.87651	1240.85	0	0	0	11.49008
128.5	34.78587	1241.998	0	0	0	11.53264
128.6	34.69565	1243.151	0	0	0	11.57457
128.7	34.60622	1244.307	0	0	0	11.61557
128.8	34.51791	1245.467	0	0	0	11.65526
128.9	34.43105	1246.633	0	0	0	11.69345
129	34.34594	1247.801	0	0	0	11.72982
129.1	34.26294	1248.973	0	0	0	11.76417
129.2	34.18235	1250.149	0	0	0	11.79634
129.3	34.10446	1251.327	0	0	0	11.82602
129.4	34.02957	1252.51	0	0	0	11.85303
129.5	33.95791	1253.694	0	0	0	11.8772
129.6	33.8897	1254.882	0	0	0	11.89845
129.7	33.82516	1256.072	0	0	0	11.91656
129.8	33.76441	1257.262	0	0	0	11.93139
129.9	33.70758	1258.454	0	0	0	11.94294
130	33.65485	1259.65	0	0	0	11.95114
130.1	33.6063	1260.846	0	0	0	11.9559
130.2	33.562	1262.042	0	0	0	11.95727
130.3	33.52194	1263.238	0	0	0	11.9551
130.4	33.4861	1264.434	0	0	0	11.94948
130.5	33.45441	1265.63	0	0	0	11.94057
130.6	33.42684	1266.825	0	0	0	11.92832
130.7	33.40322	1268.015	0	0	0	11.91291
130.8	33.3834	1269.204	0	0	0	11.89442
130.9	33.36725	1270.394	0	0	0	11.87299
131	33.35453	1271.58	0	0	0	11.84879
131.1	33.34503	1272.763	0	0	0	11.82197
131.2	33.33855	1273.944	0	0	0	11.79274
131.3	33.33487	1275.122	0	0	0	11.76137
131.4	33.33377	1276.297	0	0	0	11.72793
131.5	33.33493	1277.469	0	0	0	11.69267
131.6	33.33804	1278.635	0	0	0	11.65577
131.7	33.34282	1279.8	0	0	0	11.61757
131.8	33.34893	1280.96	0	0	0	11.57833
131.9	33.35605	1282.115	0	0	0	11.53828
132	33.36383	1283.268	0	0	0	11.49767
132.1	33.37191	1284.416	0	0	0	11.45689
132.2	33.37996	1285.559	0	0	0	11.41614
132.3	33.38763	1286.7	0	0	0	11.37583
132.4	33.39455	1287.835	0	0	0	11.33614
132.5	33.4004	1288.967	0	0	0	11.29728
132.6	33.40487	1290.096	0	0	0	11.2598
132.7	33.40768	1291.22	0	0	0	11.22379
132.8	33.40854	1292.341	0	0	0	11.18948
132.9	33.40713	1293.459	0	0	0	11.15711
133	33.40326	1294.574	0	0	0	11.12699
133.1	33.39669	1295.685	0	0	0	11.09933
133.2	33.38724	1296.795	0	0	0	11.07418
133.3	33.37472	1297.9	0	0	0	11.05182
133.4	33.35892	1299.005	0	0	0	11.03241
133.5	33.33979	1300.11	0	0	0	11.01606
133.6	33.31715	1301.209	0	0	0	11.00281
133.7	33.29082	1302.308	0	0	0	10.99283
133.8	33.26074	1303.407	0	0	0	10.98614
133.9	33.22687	1304.506	0	0	0	10.98291
134	33.18916	1305.605	0	0	0	10.98308
134.1	33.14762	1306.704	0	0	0	10.98662
134.2	33.10227	1307.803	0	0	0	10.9935
134.3	33.05315	1308.902	0	0	0	11.00368
134.4	33.00032	1310.001	0	0	0	11.01706
134.5	32.94393	1311.102	0	0	0	11.03353
134.6	32.88416	1312.207	0	0	0	11.05291
134.7	32.82113	1313.312	0	0	0	11.07501
134.8	32.75505	1314.419	0	0	0	11.09974
134.9	32.68612	1315.53	0	0	0	11.12681
135	32.61449	1316.641	0	0	0	11.15598
135.1	32.54042	1317.758	0	0	0	11.18708
135.2	32.46411	1318.875	0	0	0	11.21992
135.3	32.38581	1319.998	0	0	0	11.2542
135.4	32.30583	1321.122	0	0	0	11.28966
135.5	32.22448	1322.251	0	0	0	11.32607
135.6	32.14203	1323.383	0	0	0	11.36315
135.7	32.05883	1324.518	0	0	0	11.40059
135.8	31.97515	1325.658	0	0	0	11.43819
135.9	31.89128	1326.801	0	0	0	11.47556
136	31.80752	1327.948	0	0	0	11.51258
136.1	31.72418	1329.099	0	0	0	11.54898
136.2	31.64157	1330.252	0	0	0	11.58443
136.3	31.55999	1331.411	0	0	0	11.61882
136.4	31.47971	1332.571	0	0	0	11.65181
136.5	31.40103	1333.737	0	0	0	11.68324
136.6	31.32421	1334.904	0	0	0	11.71291
136.7	31.24951	1336.075	0	0	0	11.74065
136.8	31.17719	1337.248	0	0	0	11.76622
136.9	31.10741	1338.425	0	0	0	11.78947
137	31.04035	1339.603	0	0	0	11.81033
137.1	30.97618	1340.783	0	0	0	11.82863
137.2	30.9151	1341.967	0	0	0	11.84432
137.3	30.85722	1343.151	0	0	0	11.85726
137.4	30.80266	1344.335	0	0	0	11.86739
137.5	30.75152	1345.519	0	0	0	11.87475
137.6	30.70393	1346.708	0	0	0	11.87914
137.7	30.65998	1347.898	0	0	0	11.88057
137.8	30.61964	1349.088	0	0	0	11.87898
137.9	30.5829	1350.277	0	0	0	11.87447
138	30.54974	1351.465	0	0	0	11.86709
138.1	30.52004	1352.649	0	0	0	11.8569
138.2	30.4937	1353.832	0	0	0	11.84389
138.3	30.47061	1355.016	0	0	0	11.82832
138.4	30.45066	1356.2	0	0	0	11.81024
138.5	30.43367	1357.379	0	0	0	11.78976
138.6	30.41942	1358.556	0	0	0	11.76702
138.7	30.40774	1359.733	0	0	0	11.74219
138.8	30.39844	1360.905	0	0	0	11.71556
138.9	30.39132	1362.077	0	0	0	11.68723
139	30.38617	1363.243	0	0	0	11.65723
139.1	30.38273	1364.409	0	0	0	11.62588
139.2	30.38078	1365.568	0	0	0	11.59343
139.3	30.38005	1366.728	0	0	0	11.55996
139.4	30.38023	1367.881	0	0	0	11.52578
139.5	30.38105	1369.033	0	0	0	11.49111
139.6	30.38219	1370.18	0	0	0	11.45625
139.7	30.38338	1371.324	0	0	0	11.42142
139.8	30.38427	1372.465	0	0	0	11.38689
139.9	30.3846	1373.602	0	0	0	11.35277
140	30.38404	1374.737	0	0	0	11.31948
140.1	30.38236	1375.866	0	0	0	11.2872
140.2	30.37931	1376.995	0	0	0	11.25621
140.3	30.37465	1378.119	0	0	0	11.22667
140.4	30.36813	1379.242	0	0	0	11.19877
140.5	30.35956	1380.359	0	0	0	11.17269
140.6	30.34872	1381.476	0	0	0	11.14866
140.7	30.33544	1382.59	0	0	0	11.1268
140.8	30.31953	1383.701	0	0	0	11.10731
140.9	30.30089	1384.812	0	0	0	11.09034
141	30.27937	1385.923	0	0	0	11.0759
141.1	30.2548	1387.028	0	0	0	11.0641
141.2	30.22705	1388.133	0	0	0	11.05513
141.3	30.19606	1389.238	0	0	0	11.04911
141.4	30.16178	1390.343	0	0	0	11.04595
141.5	30.12419	1391.448	0	0	0	11.04575
141.6	30.08325	1392.553	0	0	0	11.04849
141.7	30.03902	1393.658	0	0	0	11.05409
141.8	29.99151	1394.763	0	0	0	11.06256
141.9	29.94077	1395.868	0	0	0	11.07379
142	29.8869	1396.973	0	0	0	11.08768
142.1	29.83007	1398.084	0	0	0	11.10415
142.2	29.77044	1399.195	0	0	0	11.12305
142.3	29.70814	1400.306	0	0	0	11.14414
142.4	29.64333	1401.421	0	0	0	11.16729
142.5	29.5762	1402.538	0	0	0	11.19231
142.6	29.50692	1403.656	0	0	0	11.21898
142.7	29.4357	1404.779	0	0	0	11.24722
142.8	29.36276	1405.902	0	0	0	11.2767
142.9	29.28831	1407.031	0	0	0	11.30727
143	29.21258	1408.16	0	0	0	11.33865
143.1	29.13581	1409.294	0	0	0	11.37077
143.2	29.0583	1410.43	0	0	0	11.40331
143.3	28.98036	1411.571	0	0	0	11.43596
143.4	28.90224	1412.713	0	0	0	11.46858
143.5	28.82423	1413.86	0	0	0	11.50084
143.6	28.74659	1415.009	0	0	0	11.53258
143.7	28.66956	1416.163	0	0	0	11.56351
143.8	28.59341	1417.318	0	0	0	11.59347
143.9	28.51842	1418.477	0	0	0	11.62233
144	28.44481	1419.638	0	0	0	11.6498
144.1	28.3728	1420.804	0	0	0	11.67567
144.2	28.30256	1421.969	0	0	0	11.69993
144.3	28.23429	1423.14	0	0	0	11.72237
144.4	28.16818	1424.312	0	0	0	11.74283
144.5	28.10441	1425.484	0	0	0	11.76129
144.6	28.04313	1426.662	0	0	0	11.77757
144.7	27.98453	1427.84	0	0	0	11.79151
144.8	27.92869	1429.018	0	0	0	11.80308
144.9	27.87573	1430.195	0	0	0	11.81224
145	27.82578	1431.376	0	0	0	11.8189
145.1	27.77896	1432.56	0	0	0	11.823
145.2	27.7353	1433.744	0	0	0	11.82442
145.3	27.69481	1434.928	0	0	0	11.82327
145.4	27.65747	1436.112	0	0	0	11.81954
145.5	27.62324	1437.296	0	0	0	11.81323
145.6	27.59207	1438.476	0	0	0	11.80443
145.7	27.56382	1439.654	0	0	0	11.79325
145.8	27.53841	1440.832	0	0	0	11.7798
145.9	27.51572	1442.01	0	0	0	11.76414
146	27.49564	1443.187	0	0	0	11.74634
146.1	27.47798	1444.359	0	0	0	11.72659
146.2	27.46254	1445.531	0	0	0	11.70506
146.3	27.44918	1446.702	0	0	0	11.68182
146.4	27.43768	1447.867	0	0	0	11.6571
146.5	27.42785	1449.033	0	0	0	11.63108
146.6	27.41954	1450.194	0	0	0	11.60392
146.7	27.41252	1451.354	0	0	0	11.57579
146.8	27.40655	1452.51	0	0	0	11.54677
146.9	27.40136	1453.663	0	0	0	11.5171
147	27.39675	1454.814	0	0	0	11.48706
147.1	27.39244	1455.961	0	0	0	11.45679
147.2	27.38821	1457.106	0	0	0	11.42655
147.3	27.38377	1458.247	0	0	0	11.39652
147.4	27.37889	1459.386	0	0	0	11.36688
147.5	27.37329	1460.521	0	0	0	11.33797
147.6	27.36676	1461.654	0	0	0	11.30987
147.7	27.35906	1462.783	0	0	0	11.28283
147.8	27.35	1463.912	0	0	0	11.25698
147.9	27.33936	1465.036	0	0	0	11.23263
148	27.32696	1466.159	0	0	0	11.20983
148.1	27.31264	1467.279	0	0	0	11.18878
148.2	27.29622	1468.396	0	0	0	11.16964
148.3	27.27755	1469.513	0	0	0	11.15248
148.4	27.25648	1470.63	0	0	0	11.13745
148.5	27.23285	1471.741	0	0	0	11.12465
148.6	27.20651	1472.852	0	0	0	11.11423
148.7	27.1774	1473.964	0	0	0	11.10631
148.8	27.14545	1475.075	0	0	0	11.10095
148.9	27.11062	1476.186	0	0	0	11.09808
149	27.0729	1477.297	0	0	0	11.09775
149.1	27.03228	1478.408	0	0	0	11.10001
149.2	26.98879	1479.519	0	0	0	11.10479
149.3	26.94245	1480.63	0	0	0	11.11196
149.4	26.8933	1481.741	0	0	0	11.12155
149.5	26.84141	1482.852	0	0	0	11.13349
149.6	26.7869	1483.963	0	0	0	11.14767
149.7	26.72993	1485.08	0	0	0	11.16397
149.8	26.67066	1486.197	0	0	0	11.18217
149.9	26.60919	1487.314	0	0	0	11.20217
150	26.54568	1488.434	0	0	0	11.22379
150.1	26.48033	1489.557	0	0	0	11.24692
150.2	26.41329	1490.68	0	0	0	11.2713
150.3	26.34474	1491.808	0	0	0	11.29685
150.4	26.27491	1492.938	0	0	0	11.32334
150.5	26.20396	1494.069	0	0	0	11.35058
150.6	26.13215	1495.205	0	0	0	11.37841
150.7	26.05965	1496.341	0	0	0	11.4066
150.8	25.98671	1497.483	0	0	0	11.43491
150.9	25.91354	1498.624	0	0	0	11.46326
151	25.84039	1499.771	0	0	0	11.49147
151.1	25.76743	1500.919	0	0	0	11.51919
151.2	25.69485	1502.072	0	0	0	11.54638
151.3	25.62292	1503.225	0	0	0	11.57283
151.4	25.55184	1504.382	0	0	0	11.59842
151.5	25.48188	1505.542	0	0	0	11.62304
151.6	25.41322	1506.703	0	0	0	11.64631
151.7	25.34607	1507.869	0	0	0	11.66813
151.8	25.28063	1509.034	0	0	0	11.6884
151.9	25.21706	1510.202	0	0	0	11.70701
152	25.15559	1511.374	0	0	0	11.72379
152.1	25.09634	1512.546	0	0	0	11.73862
152.2	25.03945	1513.717	0	0	0	11.75136
152.3	24.98501	1514.893	0	0	0	11.76204
152.4	24.9332	1516.07	0	0	0	11.77054
152.5	24.88409	1517.248	0	0	0	11.7767
152.6	24.83775	1518.426	0	0	0	11.78062
152.7	24.79419	1519.604	0	0	0	11.78221
152.8	24.75344	1520.781	0	0	0	11.78149
152.9	24.71544	1521.959	0	0	0	11.77846
153	24.68013	1523.137	0	0	0	11.77315
153.1	24.64748	1524.315	0	0	0	11.7657
153.2	24.61743	1525.492	0	0	0	11.7562
153.3	24.58992	1526.669	0	0	0	11.7446
153.4	24.5648	1527.84	0	0	0	11.73109
153.5	24.54195	1529.012	0	0	0	11.71571
153.6	24.52126	1530.184	0	0	0	11.69858
153.7	24.50259	1531.354	0	0	0	11.67984
153.8	24.48571	1532.519	0	0	0	11.65963
153.9	24.47046	1533.685	0	0	0	11.63805
154	24.45668	1534.848	0	0	0	11.61535
154.1	24.44418	1536.008	0	0	0	11.59166
154.2	24.43281	1537.167	0	0	0	11.56711
154.3	24.42237	1538.322	0	0	0	11.54184
154.4	24.41266	1539.475	0	0	0	11.51601
154.5	24.40356	1540.626	0	0	0	11.48982
154.6	24.39482	1541.774	0	0	0	11.46334
154.7	24.38621	1542.92	0	0	0	11.43673
154.8	24.37752	1544.062	0	0	0	11.41028
154.9	24.36856	1545.203	0	0	0	11.38415
155	24.35909	1546.339	0	0	0	11.35847
155.1	24.34887	1547.474	0	0	0	11.33351
155.2	24.33774	1548.607	0	0	0	11.3093
155.3	24.32548	1549.736	0	0	0	11.28625
155.4	24.31199	1550.865	0	0	0	11.26437
155.5	24.29707	1551.99	0	0	0	11.24378
155.6	24.2805	1553.113	0	0	0	11.22461
155.7	24.26213	1554.237	0	0	0	11.20701
155.8	24.24182	1555.357	0	0	0	11.19118
155.9	24.21937	1556.474	0	0	0	11.17717
156	24.19467	1557.591	0	0	0	11.16517
156.1	24.16758	1558.708	0	0	0	11.15527
156.2	24.13811	1559.825	0	0	0	11.14754
156.3	24.10615	1560.943	0	0	0	11.14202
156.4	24.07165	1562.056	0	0	0	11.13872
156.5	24.03452	1563.167	0	0	0	11.1377
156.6	23.99478	1564.278	0	0	0	11.13901
156.7	23.95242	1565.389	0	0	0	11.1426
156.8	23.90746	1566.504	0	0	0	11.14834
156.9	23.85996	1567.621	0	0	0	11.15623
157	23.80998	1568.738	0	0	0	11.16633
157.1	23.75766	1569.855	0	0	0	11.17848
157.2	23.70311	1570.972	0	0	0	11.19249
157.3	23.64645	1572.09	0	0	0	11.20826
157.4	23.58779	1573.212	0	0	0	11.22562
157.5	23.52732	1574.335	0	0	0	11.24451
157.6	23.46516	1575.458	0	0	0	11.26475
157.7	23.40146	1576.585	0	0	0	11.28613
157.8	23.33642	1577.714	0	0	0	11.30853
157.9	23.27017	1578.843	0	0	0	11.33185
158	23.20292	1579.977	0	0	0	11.35591
158.1	23.13488	1581.113	0	0	0	11.38045
158.2	23.06619	1582.25	0	0	0	11.4054
158.3	22.9971	1583.391	0	0	0	11.43051
158.4	22.92777	1584.532	0	0	0	11.4557
158.5	22.85842	1585.679	0	0	0	11.48065
158.6	22.78927	1586.826	0	0	0	11.50528
158.7	22.72051	1587.976	0	0	0	11.52943
158.8	22.65238	1589.129	0	0	0	11.55301
158.9	22.58503	1590.283	0	0	0	11.57568
159	22.51863	1591.441	0	0	0	11.59733
159.1	22.45339	1592.601	0	0	0	11.61794
159.2	22.38943	1593.76	0	0	0	11.63726
159.3	22.32698	1594.926	0	0	0	11.65528
159.4	22.26621	1596.091	0	0	0	11.67182
159.5	22.20722	1597.257	0	0	0	11.68672
159.6	22.15014	1598.424	0	0	0	11.69995
159.7	22.09513	1599.596	0	0	0	11.71136
159.8	22.04231	1600.768	0	0	0	11.72095
159.9	21.99175	1601.939	0	0	0	11.72863
160	21.94354	1603.111	0	0	0	11.73431
160.1	21.89771	1604.283	0	0	0	11.73799
160.2	21.8543	1605.454	0	0	0	11.73971
160.3	21.81328	1606.626	0	0	0	11.73935
160.4	21.77462	1607.798	0	0	0	11.73699
160.5	21.73825	1608.969	0	0	0	11.73273
160.6	21.70416	1610.141	0	0	0	11.72663
160.7	21.6723	1611.313	0	0	0	11.71873
160.8	21.64262	1612.484	0	0	0	11.70907
160.9	21.61503	1613.656	0	0	0	11.69765
161	21.58948	1614.827	0	0	0	11.68467
161.1	21.56582	1615.993	0	0	0	11.67019
161.2	21.54393	1617.158	0	0	0	11.6542
161.3	21.52369	1618.324	0	0	0	11.63691
161.4	21.50494	1619.488	0	0	0	11.61835
161.5	21.48748	1620.647	0	0	0	11.59882
161.6	21.47118	1621.807	0	0	0	11.57836
161.7	21.45588	1622.965	0	0	0	11.55707
161.8	21.44139	1624.118	0	0	0	11.53515
161.9	21.42755	1625.272	0	0	0	11.51287
162	21.41423	1626.422	0	0	0	11.49017
162.1	21.4012	1627.569	0	0	0	11.4673
162.2	21.38831	1628.717	0	0	0	11.44431
162.3	21.37541	1629.859	0	0	0	11.42153
162.4	21.36227	1631	0	0	0	11.399
162.5	21.34874	1632.141	0	0	0	11.37685
162.6	21.33459	1633.276	0	0	0	11.3552
162.7	21.31966	1634.411	0	0	0	11.33427
162.8	21.3038	1635.545	0	0	0	11.31431
162.9	21.28684	1636.674	0	0	0	11.29524
163	21.26859	1637.803	0	0	0	11.27733
163.1	21.24891	1638.933	0	0	0	11.26068
163.2	21.22764	1640.056	0	0	0	11.24542
163.3	21.20463	1641.179	0	0	0	11.23174
163.4	21.17978	1642.302	0	0	0	11.21967
163.5	21.15301	1643.426	0	0	0	11.20931
163.6	21.12424	1644.549	0	0	0	11.2008
163.7	21.0934	1645.666	0	0	0	11.1941
163.8	21.06038	1646.783	0	0	0	11.18929
163.9	21.02516	1647.901	0	0	0	11.18641
164	20.98772	1649.018	0	0	0	11.18546
164.1	20.94806	1650.135	0	0	0	11.18647
164.2	20.90618	1651.252	0	0	0	11.18942
164.3	20.86209	1652.369	0	0	0	11.19421
164.4	20.8158	1653.486	0	0	0	11.20083
164.5	20.76736	1654.605	0	0	0	11.20931
164.6	20.71691	1655.728	0	0	0	11.21957
164.7	20.66456	1656.851	0	0	0	11.2314
164.8	20.61043	1657.974	0	0	0	11.24478
164.9	20.55463	1659.098	0	0	0	11.2595
165	20.49727	1660.222	0	0	0	11.2755
165.1	20.43852	1661.352	0	0	0	11.2926
165.2	20.37852	1662.481	0	0	0	11.31069
165.3	20.31738	1663.61	0	0	0	11.32958
165.4	20.25527	1664.744	0	0	0	11.34923
165.5	20.19235	1665.879	0	0	0	11.36946
165.6	20.12877	1667.015	0	0	0	11.39009
165.7	20.06467	1668.154	0	0	0	11.41102
165.8	20.00026	1669.296	0	0	0	11.43213
165.9	19.93568	1670.437	0	0	0	11.45326
166	19.87108	1671.583	0	0	0	11.47422
166.1	19.80665	1672.731	0	0	0	11.49485
166.2	19.74255	1673.878	0	0	0	11.51516
166.3	19.67896	1675.031	0	0	0	11.53496
166.4	19.61606	1676.184	0	0	0	11.55397
166.5	19.55395	1677.338	0	0	0	11.57215
166.6	19.49279	1678.496	0	0	0	11.58954
166.7	19.43279	1679.655	0	0	0	11.6058
166.8	19.37405	1680.815	0	0	0	11.6209
166.9	19.3167	1681.975	0	0	0	11.63479
167	19.26086	1683.14	0	0	0	11.64728
167.1	19.20667	1684.306	0	0	0	11.65828
167.2	19.15422	1685.471	0	0	0	11.66789
167.3	19.10362	1686.637	0	0	0	11.67586
167.4	19.05492	1687.802	0	0	0	11.68225
167.5	19.00818	1688.968	0	0	0	11.68696
167.6	18.96344	1690.134	0	0	0	11.68997
167.7	18.92073	1691.302	0	0	0	11.6913
167.8	18.88008	1692.474	0	0	0	11.69087
167.9	18.84146	1693.643	0	0	0	11.68867
168	18.80477	1694.809	0	0	0	11.68492
168.1	18.77002	1695.974	0	0	0	11.67966
168.2	18.73712	1697.14	0	0	0	11.67278
168.3	18.70601	1698.306	0	0	0	11.66447
168.4	18.67662	1699.471	0	0	0	11.65472
168.5	18.64888	1700.637	0	0	0	11.64369
168.6	18.62274	1701.803	0	0	0	11.63144
168.7	18.59806	1702.965	0	0	0	11.61794
168.8	18.57469	1704.125	0	0	0	11.60335
168.9	18.55255	1705.284	0	0	0	11.58784
169	18.53152	1706.444	0	0	0	11.57142
169.1	18.51147	1707.6	0	0	0	11.55419
169.2	18.49217	1708.753	0	0	0	11.53637
169.3	18.47351	1709.907	0	0	0	11.51803
169.4	18.45534	1711.059	0	0	0	11.49934
169.5	18.43748	1712.207	0	0	0	11.48045
169.6	18.41976	1713.354	0	0	0	11.46145
169.7	18.40206	1714.501	0	0	0	11.44248
169.8	18.38421	1715.643	0	0	0	11.42373
169.9	18.36606	1716.784	0	0	0	11.40527
170	18.34748	1717.926	0	0	0	11.38727
170.1	18.32833	1719.063	0	0	0	11.36979
170.2	18.30842	1720.198	0	0	0	11.35302
170.3	18.28765	1721.334	0	0	0	11.33703
170.4	18.2659	1722.469	0	0	0	11.32199
170.5	18.24301	1723.599	0	0	0	11.30787
170.6	18.21886	1724.728	0	0	0	11.29497
170.7	18.19339	1725.857	0	0	0	11.28329
170.8	18.16652	1726.986	0	0	0	11.27281
170.9	18.13816	1728.116	0	0	0	11.2637
171	18.10825	1729.241	0	0	0	11.25593
171.1	18.07668	1730.364	0	0	0	11.24966
171.2	18.04341	1731.487	0	0	0	11.24488
171.3	18.00843	1732.61	0	0	0	11.24158
171.4	17.97169	1733.733	0	0	0	11.23977
171.5	17.93319	1734.856	0	0	0	11.23958
171.6	17.89292	1735.98	0	0	0	11.24089
171.7	17.85089	1737.103	0	0	0	11.24368
171.8	17.8071	1738.226	0	0	0	11.24797
171.9	17.76156	1739.349	0	0	0	11.25371
172	17.71432	1740.473	0	0	0	11.26088
172.1	17.66545	1741.597	0	0	0	11.26945
172.2	17.61506	1742.726	0	0	0	11.27931
172.3	17.56328	1743.855	0	0	0	11.29035
172.4	17.51022	1744.984	0	0	0	11.30253
172.5	17.45601	1746.114	0	0	0	11.31561
172.6	17.40073	1747.243	0	0	0	11.32946
172.7	17.34451	1748.377	0	0	0	11.34406
172.8	17.28748	1749.513	0	0	0	11.35927
172.9	17.22976	1750.648	0	0	0	11.37501
173	17.17144	1751.783	0	0	0	11.39113
173.1	17.11266	1752.924	0	0	0	11.40757
173.2	17.05357	1754.065	0	0	0	11.42414
173.3	16.99429	1755.207	0	0	0	11.44079
173.4	16.93494	1756.349	0	0	0	11.45741
173.5	16.87574	1757.496	0	0	0	11.47382
173.6	16.81679	1758.644	0	0	0	11.48991
173.7	16.75823	1759.791	0	0	0	11.50557
173.8	16.70016	1760.941	0	0	0	11.52073
173.9	16.64276	1762.095	0	0	0	11.5353
174	16.5861	1763.248	0	0	0	11.54904
174.1	16.53029	1764.402	0	0	0	11.56201
174.2	16.47542	1765.555	0	0	0	11.57414
174.3	16.42163	1766.715	0	0	0	11.5853
174.4	16.36903	1767.875	0	0	0	11.59538
174.5	16.31769	1769.034	0	0	0	11.60437
174.6	16.26769	1770.194	0	0	0	11.61224
174.7	16.21913	1771.353	0	0	0	11.61892
174.8	16.17203	1772.513	0	0	0	11.62429
174.9	16.12639	1773.672	0	0	0	11.62832
175	16.08224	1774.833	0	0	0	11.63112
175.1	16.03963	1775.999	0	0	0	11.63263
175.2	15.99858	1777.165	0	0	0	11.63276
175.3	15.95905	1778.33	0	0	0	11.63165
175.4	15.92102	1779.496	0	0	0	11.62926
175.5	15.88447	1780.657	0	0	0	11.6257
175.6	15.84934	1781.817	0	0	0	11.62102
175.7	15.81558	1782.977	0	0	0	11.61512
175.8	15.78312	1784.136	0	0	0	11.60814
175.9	15.7519	1785.296	0	0	0	11.60019
176	15.72189	1786.455	0	0	0	11.59125
176.1	15.693	1787.615	0	0	0	11.58143
176.2	15.66516	1788.774	0	0	0	11.57075
176.3	15.6383	1789.931	0	0	0	11.55928
176.4	15.61228	1791.084	0	0	0	11.54718
176.5	15.58702	1792.238	0	0	0	11.5345
176.6	15.56242	1793.391	0	0	0	11.52124
176.7	15.53837	1794.545	0	0	0	11.50759
176.8	15.51477	1795.694	0	0	0	11.49365
176.9	15.49146	1796.842	0	0	0	11.47949
177	15.46834	1797.989	0	0	0	11.46518
177.1	15.44529	1799.137	0	0	0	11.45081
177.2	15.42223	1800.281	0	0	0	11.43655
177.3	15.39902	1801.423	0	0	0	11.42261
177.4	15.37552	1802.564	0	0	0	11.40873
177.5	15.35165	1803.706	0	0	0	11.39524
177.6	15.32732	1804.847	0	0	0	11.3823
177.7	15.30242	1805.982	0	0	0	11.36992
177.8	15.2768	1807.118	0	0	0	11.35813
177.9	15.25037	1808.253	0	0	0	11.34701
178	15.22305	1809.388	0	0	0	11.33671
178.1	15.19478	1810.524	0	0	0	11.32728
178.2	15.16548	1811.656	0	0	0	11.3188
178.3	15.13504	1812.786	0	0	0	11.31133
178.4	15.10339	1813.915	0	0	0	11.30486
178.5	15.07049	1815.044	0	0	0	11.29955
178.6	15.03631	1816.173	0	0	0	11.29537
178.7	15.0008	1817.303	0	0	0	11.29228
178.8	14.96396	1818.432	0	0	0	11.2904
178.9	14.92576	1819.561	0	0	0	11.28968
179	14.88621	1820.69	0	0	0	11.29017
179.1	14.84532	1821.82	0	0	0	11.29182
179.2	14.8031	1822.949	0	0	0	11.29458
179.3	14.75953	1824.078	0	0	0	11.29839
179.4	14.71464	1825.208	0	0	0	11.30335
179.5	14.66848	1826.337	0	0	0	11.30934
179.6	14.62109	1827.466	0	0	0	11.31636
179.7	14.57253	1828.595	0	0	0	11.32439
179.8	14.52289	1829.728	0	0	0	11.33335
179.9	14.47231	1830.863	0	0	0	11.34312
180	14.42087	1831.998	0	0	0	11.35359
180.1	14.36867	1833.134	0	0	0	11.36468
180.2	14.31583	1834.269	0	0	0	11.37621
180.3	14.26242	1835.404	0	0	0	11.38823
180.4	14.20854	1836.544	0	0	0	11.40043
180.5	14.15434	1837.685	0	0	0	11.41291
180.6	14.0999	1838.827	0	0	0	11.42556
180.7	14.04531	1839.968	0	0	0	11.43812
180.8	13.99068	1841.109	0	0	0	11.45072
180.9	13.93614	1842.256	0	0	0	11.46321
181	13.88183	1843.404	0	0	0	11.47539
181.1	13.82784	1844.551	0	0	0	11.48723
181.2	13.77426	1845.698	0	0	0	11.49885
181.3	13.72114	1846.846	0	0	0	11.50988
181.4	13.66856	1847.998	0	0	0	11.52034
181.5	13.61666	1849.151	0	0	0	11.53017
181.6	13.56551	1850.305	0	0	0	11.53945
181.7	13.51523	1851.458	0	0	0	11.54793
181.8	13.46587	1852.612	0	0	0	11.55566
181.9	13.41746	1853.766	0	0	0	11.56239
182	13.37004	1854.919	0	0	0	11.56833
182.1	13.32364	1856.076	0	0	0	11.57334
182.2	13.27835	1857.235	0	0	0	11.57731
182.3	13.23416	1858.395	0	0	0	11.58044
182.4	13.19108	1859.555	0	0	0	11.58256
182.5	13.14913	1860.714	0	0	0	11.58372
182.6	13.10829	1861.874	0	0	0	11.58395
182.7	13.06855	1863.033	0	0	0	11.58323
182.8	13.02987	1864.193	0	0	0	11.58156
182.9	12.99229	1865.352	0	0	0	11.57907
183	12.95577	1866.512	0	0	0	11.57571
183.1	12.92028	1867.672	0	0	0	11.57152
183.2	12.8858	1868.831	0	0	0	11.56649
183.3	12.85226	1869.985	0	0	0	11.56066
183.4	12.81958	1871.138	0	0	0	11.55419
183.5	12.78773	1872.292	0	0	0	11.54697
183.6	12.75662	1873.445	0	0	0	11.53915
183.7	12.72621	1874.599	0	0	0	11.53077
183.8	12.69644	1875.752	0	0	0	11.52194
183.9	12.66724	1876.906	0	0	0	11.51262
184	12.63856	1878.058	0	0	0	11.50294
184.1	12.61025	1879.206	0	0	0	11.49287
184.2	12.58225	1880.353	0	0	0	11.48268
184.3	12.55448	1881.5	0	0	0	11.47231
184.4	12.52686	1882.648	0	0	0	11.4618
184.5	12.49932	1883.795	0	0	0	11.45125
184.6	12.47178	1884.941	0	0	0	11.44077
184.7	12.44418	1886.083	0	0	0	11.43042
184.8	12.41641	1887.224	0	0	0	11.4202
184.9	12.38841	1888.365	0	0	0	11.41025
185	12.3601	1889.507	0	0	0	11.40056
185.1	12.33143	1890.648	0	0	0	11.39129
185.2	12.30231	1891.789	0	0	0	11.38248
185.3	12.2726	1892.924	0	0	0	11.37414
185.4	12.24222	1894.06	0	0	0	11.3663
185.5	12.21111	1895.195	0	0	0	11.35926
185.6	12.17922	1896.33	0	0	0	11.35283
185.7	12.14649	1897.466	0	0	0	11.3472
185.8	12.11287	1898.601	0	0	0	11.34231
185.9	12.07834	1899.736	0	0	0	11.33827
186	12.04289	1900.872	0	0	0	11.335
186.1	12.00648	1902.007	0	0	0	11.3326
186.2	11.96911	1903.142	0	0	0	11.33103
186.3	11.93076	1904.278	0	0	0	11.33024
186.4	11.89143	1905.413	0	0	0	11.33041
186.5	11.85114	1906.548	0	0	0	11.33138
186.6	11.80989	1907.684	0	0	0	11.33313
186.7	11.76768	1908.819	0	0	0	11.33571
186.8	11.72449	1909.954	0	0	0	11.33907
186.9	11.68038	1911.09	0	0	0	11.34318
187	11.63535	1912.225	0	0	0	11.34804
187.1	11.58946	1913.36	0	0	0	11.35361
187.2	11.54274	1914.496	0	0	0	11.35985
187.3	11.49527	1915.631	0	0	0	11.36683
187.4	11.44707	1916.766	0	0	0	11.37426
187.5	11.39822	1917.902	0	0	0	11.38231
187.6	11.34877	1919.038	0	0	0	11.39076
187.7	11.29885	1920.179	0	0	0	11.39968
187.8	11.24857	1921.32	0	0	0	11.40885
187.9	11.19799	1922.462	0	0	0	11.41824
188	11.14719	1923.603	0	0	0	11.42777
188.1	11.09626	1924.745	0	0	0	11.43739
188.2	11.04527	1925.886	0	0	0	11.44705
188.3	10.99431	1927.031	0	0	0	11.45661
188.4	10.94349	1928.178	0	0	0	11.46602
188.5	10.89288	1929.326	0	0	0	11.47518
188.6	10.84254	1930.473	0	0	0	11.48407
188.7	10.79255	1931.621	0	0	0	11.49259
188.8	10.74297	1932.768	0	0	0	11.50068
188.9	10.69386	1933.915	0	0	0	11.50826
189	10.6453	1935.067	0	0	0	11.51552
189.1	10.59738	1936.221	0	0	0	11.52209
189.2	10.55014	1937.374	0	0	0	11.528
189.3	10.50358	1938.528	0	0	0	11.53338
189.4	10.45776	1939.681	0	0	0	11.53798
189.5	10.41269	1940.835	0	0	0	11.54202
189.6	10.36839	1941.988	0	0	0	11.54535
189.7	10.32488	1943.142	0	0	0	11.54802
189.8	10.28214	1944.295	0	0	0	11.54991
189.9	10.24018	1945.449	0	0	0	11.55125
190	10.19901	1946.602	0	0	0	11.55182
190.1	10.1586	1947.756	0	0	0	11.55178
190.2	10.11894	1948.909	0	0	0	11.55105
190.3	10.08	1950.063	0	0	0	11.54976
190.4	10.04182	1951.216	0	0	0	11.54787
190.5	10.00437	1952.37	0	0	0	11.5454
190.6	9.967629	1953.523	0	0	0	11.54228
190.7	9.931574	1954.677	0	0	0	11.53864
190.8	9.896189	1955.83	0	0	0	11.53451
190.9	9.861451	1956.984	0	0	0	11.52984
191	9.827325	1958.137	0	0	0	11.52468
191.1	9.79377	1959.291	0	0	0	11.51901
191.2	9.760764	1960.444	0	0	0	11.51297
191.3	9.728276	1961.598	0	0	0	11.50648
191.4	9.696235	1962.746	0	0	0	11.49972
191.5	9.664528	1963.894	0	0	0	11.49257
191.6	9.633112	1965.041	0	0	0	11.4852
191.7	9.601937	1966.189	0	0	0	11.47774
191.8	9.570949	1967.336	0	0	0	11.47014
191.9	9.540059	1968.484	0	0	0	11.46245
192	9.509227	1969.631	0	0	0	11.45471
192.1	9.478392	1970.778	0	0	0	11.44705
192.2	9.447513	1971.922	0	0	0	11.43948
192.3	9.416478	1973.063	0	0	0	11.43203
192.4	9.385239	1974.205	0	0	0	11.42477
192.5	9.353739	1975.346	0	0	0	11.41781
192.6	9.321927	1976.488	0	0	0	11.41112
192.7	9.289742	1977.629	0	0	0	11.40477
192.8	9.257132	1978.77	0	0	0	11.39875
192.9	9.224083	1979.912	0	0	0	11.39319
193	9.190577	1981.053	0	0	0	11.38815
193.1	9.156559	1982.193	0	0	0	11.38351
193.2	9.121936	1983.329	0	0	0	11.37931
193.3	9.086652	1984.464	0	0	0	11.37576
193.4	9.050687	1985.599	0	0	0	11.37274
193.5	9.014016	1986.734	0	0	0	11.37035
193.6	8.976606	1987.87	0	0	0	11.36857
193.7	8.938439	1989.005	0	0	0	11.36748
193.8	8.899508	1990.141	0	0	0	11.36701
193.9	8.85983	1991.276	0	0	0	11.36727
194	8.819393	1992.411	0	0	0	11.36812
194.1	8.778203	1993.546	0	0	0	11.36963
194.2	8.736259	1994.682	0	0	0	11.37169
194.3	8.693557	1995.817	0	0	0	11.37448
194.4	8.650124	1996.952	0	0	0	11.37776
194.5	8.605976	1998.088	0	0	0	11.38172
194.6	8.561139	1999.223	0	0	0	11.38611
194.7	8.515667	2000.362	0	0	0	11.39115
194.8	8.469669	2001.503	0	0	0	11.39657
194.9	8.423194	2002.645	0	0	0	11.40245
195	8.376288	2003.786	0	0	0	11.40867
195.1	8.329008	2004.927	0	0	0	11.4151
195.2	8.281435	2006.069	0	0	0	11.42185
195.3	8.233635	2007.21	0	0	0	11.42877
195.4	8.185645	2008.352	0	0	0	11.43583
195.5	8.137498	2009.493	0	0	0	11.44291
195.6	8.089248	2010.635	0	0	0	11.44998
195.7	8.04103	2011.782	0	0	0	11.45709
195.8	7.992943	2012.929	0	0	0	11.46406
195.9	7.945049	2014.077	0	0	0	11.47088
196	7.897385	2015.224	0	0	0	11.47752
196.1	7.849976	2016.372	0	0	0	11.48382
196.2	7.802843	2017.519	0	0	0	11.48981
196.3	7.756019	2018.667	0	0	0	11.49551
196.4	7.70955	2019.814	0	0	0	11.50085
196.5	7.663493	2020.961	0	0	0	11.50582
196.6	7.617866	2022.11	0	0	0	11.51051
196.7	7.572738	2023.264	0	0	0	11.51462
196.8	7.528137	2024.417	0	0	0	11.51823
196.9	7.484105	2025.571	0	0	0	11.52152
197	7.440671	2026.724	0	0	0	11.52423
197.1	7.39784	2027.878	0	0	0	11.52635
197.2	7.355619	2029.031	0	0	0	11.52804
197.3	7.314014	2030.185	0	0	0	11.5291
197.4	7.273033	2031.338	0	0	0	11.52968
197.5	7.232662	2032.492	0	0	0	11.52974
197.6	7.192877	2033.646	0	0	0	11.52918
197.7	7.153697	2034.799	0	0	0	11.52829
197.8	7.115129	2035.953	0	0	0	11.52687
197.9	7.077157	2037.106	0	0	0	11.52492
198	7.039762	2038.26	0	0	0	11.52255
198.1	7.002925	2039.413	0	0	0	11.5196
198.2	6.966643	2040.567	0	0	0	11.51633
198.3	6.930901	2041.72	0	0	0	11.51258
198.4	6.895675	2042.874	0	0	0	11.50842
198.5	6.860929	2044.024	0	0	0	11.50389
198.6	6.826571	2045.172	0	0	0	11.49901
198.7	6.792579	2046.319	0	0	0	11.49387
198.8	6.758906	2047.467	0	0	0	11.48848
198.9	6.725496	2048.614	0	0	0	11.48276
199	6.692316	2049.762	0	0	0	11.47698
199.1	6.659347	2050.909	0	0	0	11.47106
199.2	6.62656	2052.057	0	0	0	11.465
199.3	6.593925	2053.204	0	0	0	11.45879
199.4	6.561417	2054.352	0	0	0	11.4525
199.5	6.529032	2055.499	0	0	0	11.44619
199.6	6.496761	2056.646	0	0	0	11.43981
199.7	6.464589	2057.794	0	0	0	11.4334
199.8	6.432491	2058.941	0	0	0	11.42693
199.9	6.400456	2060.089	0	0	0	11.42041
200	6.368487	2061.236	0	0	0	11.41396
200.1	6.336493	2062.373	0	0	0	11.40751
200.2	6.30435	2063.508	0	0	0	11.40114
200.3	6.272029	2064.643	0	0	0	11.39495
200.4	6.239471	2065.778	0	0	0	11.38902
200.5	6.206626	2066.914	0	0	0	11.38333
200.6	6.173428	2068.049	0	0	0	11.37799
200.7	6.139812	2069.184	0	0	0	11.37303
200.8	6.105723	2070.319	0	0	0	11.3685
200.9	6.071105	2071.455	0	0	0	11.3645
201	6.035884	2072.59	0	0	0	11.36095
201.1	6.000035	2073.725	0	0	0	11.35773
201.2	5.963568	2074.861	0	0	0	11.35529
201.3	5.926489	2075.996	0	0	0	11.35345
201.4	5.888773	2077.131	0	0	0	11.35214
201.5	5.850357	2078.267	0	0	0	11.35134
201.6	5.811231	2079.402	0	0	0	11.35105
201.7	5.771428	2080.537	0	0	0	11.35152
201.8	5.730967	2081.672	0	0	0	11.35263
201.9	5.689823	2082.808	0	0	0	11.35427
202	5.647993	2083.943	0	0	0	11.35623
202.1	5.605515	2085.078	0	0	0	11.35897
202.2	5.562428	2086.214	0	0	0	11.36228
202.3	5.518733	2087.349	0	0	0	11.36607
202.4	5.474418	2088.484	0	0	0	11.37016
202.5	5.429522	2089.62	0	0	0	11.37475
202.6	5.384109	2090.755	0	0	0	11.37989
202.7	5.338216	2091.89	0	0	0	11.38545
202.8	5.291835	2093.025	0	0	0	11.39136
202.9	5.244972	2094.161	0	0	0	11.39739
203	5.197693	2095.296	0	0	0	11.4039
203.1	5.150078	2096.431	0	0	0	11.41073
203.2	5.102182	2097.566	0	0	0	11.41776
203.3	5.054076	2098.711	0	0	0	11.42495
203.4	5.005898	2099.858	0	0	0	11.43218
203.5	4.957678	2101.006	0	0	0	11.43944
203.6	4.909455	2102.153	0	0	0	11.4467
203.7	4.861252	2103.301	0	0	0	11.45385
203.8	4.813125	2104.448	0	0	0	11.46087
203.9	4.765123	2105.595	0	0	0	11.4678
204	4.717298	2106.743	0	0	0	11.47449
204.1	4.669697	2107.89	0	0	0	11.48095
204.2	4.622362	2109.038	0	0	0	11.48713
204.3	4.575357	2110.185	0	0	0	11.49298
204.4	4.528743	2111.333	0	0	0	11.49849
204.5	4.482573	2112.48	0	0	0	11.50358
204.6	4.436903	2113.628	0	0	0	11.50815
204.7	4.39179	2114.775	0	0	0	11.51242
204.8	4.347243	2115.922	0	0	0	11.51623
204.9	4.303239	2117.07	0	0	0	11.51938
205	4.259773	2118.217	0	0	0	11.52205
205.1	4.216871	2119.365	0	0	0	11.52421
205.2	4.174592	2120.512	0	0	0	11.52583
205.3	4.132968	2121.659	0	0	0	11.52716
205.4	4.091964	2122.807	0	0	0	11.52776
205.5	4.051542	2123.954	0	0	0	11.52775
205.6	4.011706	2125.102	0	0	0	11.52727
205.7	3.972493	2126.249	0	0	0	11.52628
205.8	3.933919	2127.396	0	0	0	11.52496
205.9	3.895943	2128.544	0	0	0	11.52301
206	3.858523	2129.691	0	0	0	11.52046
206.1	3.82166	2130.839	0	0	0	11.5175
206.2	3.78538	2131.986	0	0	0	11.51411
206.3	3.749664	2133.134	0	0	0	11.51049
206.4	3.714461	2134.281	0	0	0	11.50624
206.5	3.679724	2135.428	0	0	0	11.50161
206.6	3.645442	2136.576	0	0	0	11.4966
206.7	3.611622	2137.723	0	0	0	11.49124
206.8	3.578249	2138.871	0	0	0	11.48574
206.9	3.545268	2140.018	0	0	0	11.4798
207	3.51261	2141.166	0	0	0	11.47358
207.1	3.48022	2142.313	0	0	0	11.46715
207.2	3.448063	2143.46	0	0	0	11.46051
207.3	3.416128	2144.608	0	0	0	11.45374
207.4	3.384412	2145.755	0	0	0	11.44688
207.5	3.352902	2146.903	0	0	0	11.43983
207.6	3.321553	2148.05	0	0	0	11.43295
207.7	3.290252	2149.198	0	0	0	11.42589
207.8	3.258898	2150.345	0	0	0	11.41881
207.9	3.227418	2151.489	0	0	0	11.41192
208	3.195642	2152.625	0	0	0	11.40508
208.1	3.163563	2153.76	0	0	0	11.39855
208.2	3.131207	2154.895	0	0	0	11.39242
208.3	3.09856	2156.031	0	0	0	11.38661
208.4	3.065563	2157.166	0	0	0	11.38107
208.5	3.032138	2158.301	0	0	0	11.37593
208.6	2.998216	2159.436	0	0	0	11.3712
208.7	2.963744	2160.572	0	0	0	11.36701
208.8	2.928667	2161.707	0	0	0	11.3634
208.9	2.892954	2162.842	0	0	0	11.36005
209	2.856617	2163.978	0	0	0	11.3574
209.1	2.819672	2165.113	0	0	0	11.35543
209.2	2.782105	2166.248	0	0	0	11.35401
209.3	2.743868	2167.384	0	0	0	11.35309
209.4	2.704927	2168.519	0	0	0	11.35261
209.5	2.665302	2169.654	0	0	0	11.35288
209.6	2.625023	2170.789	0	0	0	11.3538
209.7	2.584075	2171.925	0	0	0	11.35531
209.8	2.542438	2173.06	0	0	0	11.35715
209.9	2.500137	2174.195	0	0	0	11.35963
210	2.457217	2175.331	0	0	0	11.36279
210.1	2.413692	2176.466	0	0	0	11.36646
210.2	2.36955	2177.601	0	0	0	11.37043
210.3	2.324819	2178.737	0	0	0	11.37487
210.4	2.279549	2179.872	0	0	0	11.37984
210.5	2.233795	2181.007	0	0	0	11.38526
210.6	2.187564	2182.142	0	0	0	11.39107
210.7	2.140845	2183.278	0	0	0	11.39707
210.8	2.093687	2184.413	0	0	0	11.40337
210.9	2.046171	2185.548	0	0	0	11.41014
211	1.998362	2186.684	0	0	0	11.41711
211.1	1.950325	2187.827	0	0	0	11.42423
211.2	1.9022	2188.974	0	0	0	11.4314
211.3	1.854022	2190.122	0	0	0	11.43858
211.4	1.805859	2191.269	0	0	0	11.44577
211.5	1.75777	2192.417	0	0	0	11.45287
211.6	1.709805	2193.564	0	0	0	11.45978
211.7	1.662014	2194.711	0	0	0	11.46651
211.8	1.614446	2195.859	0	0	0	11.47304
211.9	1.567146	2197.006	0	0	0	11.47924
212	1.520163	2198.154	0	0	0	11.48514
212.1	1.473541	2199.301	0	0	0	11.49069
212.2	1.427346	2200.449	0	0	0	11.49584
212.3	1.381646	2201.596	0	0	0	11.50054
212.4	1.336474	2202.743	0	0	0	11.50499
212.5	1.291811	2203.891	0	0	0	11.50879
212.6	1.247634	2205.038	0	0	0	11.51213
212.7	1.203955	2206.186	0	0	0	11.51505
212.8	1.160814	2207.333	0	0	0	11.51744
212.9	1.11826	2208.481	0	0	0	11.51935
213	1.076342	2209.628	0	0	0	11.52089
213.1	1.035053	2210.775	0	0	0	11.52183
213.2	0.9943559	2211.923	0	0	0	11.52216
213.3	0.9542285	2213.07	0	0	0	11.52196
213.4	0.9146883	2214.218	0	0	0	11.52122
213.5	0.875773	2215.365	0	0	0	11.52021
213.6	0.8374582	2216.512	0	0	0	11.51864
213.7	0.7996939	2217.66	0	0	0	11.51647
213.8	0.7624393	2218.807	0	0	0	11.51385
213.9	0.725702	2219.955	0	0	0	11.51079
214	0.689513	2221.102	0	0	0	11.50747
214.1	0.6538392	2222.25	0	0	0	11.50381
214.2	0.6186122	2223.397	0	0	0	11.49962
214.3	0.5837776	2224.544	0	0	0	11.49505
214.4	0.549327	2225.692	0	0	0	11.49026
214.5	0.5152727	2226.839	0	0	0	11.48512
214.6	0.4816201	2227.987	0	0	0	11.4798
214.7	0.4483135	2229.134	0	0	0	11.47426
214.8	0.4152849	2230.281	0	0	0	11.46836
214.9	0.3824791	2231.429	0	0	0	11.46231
215	0.3498597	2232.576	0	0	0	11.45614
215.1	0.317404	2233.724	0	0	0	11.44982
215.2	0.2851033	2234.871	0	0	0	11.44344
215.3	0.2529483	2236.019	0	0	0	11.43702
215.4	0.2209227	2237.166	0	0	0	11.43047
215.5	0.1889973	2238.314	0	0	0	11.4239
215.6	0.157149	2239.461	0	0	0	11.41725
215.7	0.1253359	2240.603	0	0	0	11.41084
215.8	0.09334662	2241.739	0	0	0	11.40433
215.9	0.06111355	2242.874	0	0	0	11.39794
216	0.02860748	2244.009	0	0	0	11.39187
216.1	-0.004192606	2245.145	0	0	0	11.38617
216.2	-0.03733068	2246.28	0	0	0	11.38079
216.3	-0.07087239	2247.415	0	0	0	11.37574
216.4	-0.1048904	2248.55	0	0	0	11.37115
216.5	-0.1394534	2249.686	0	0	0	11.36703
216.6	-0.1746177	2250.821	0	0	0	11.36343
216.7	-0.2104063	2251.956	0	0	0	11.36018
216.8	-0.2468122	2253.092	0	0	0	11.35763
216.9	-0.2838205	2254.227	0	0	0	11.35565
217	-0.3214436	2255.362	0	0	0	11.35429
217.1	-0.3597254	2256.498	0	0	0	11.35343
217.2	-0.3986835	2257.633	0	0	0	11.35294
217.3	-0.4383038	2258.768	0	0	0	11.35323
217.4	-0.4785622	2259.903	0	0	0	11.35411
217.5	-0.5194611	2261.039	0	0	0	11.35557
217.6	-0.5610262	2262.174	0	0	0	11.3574
217.7	-0.6032396	2263.309	0	0	0	11.35981
217.8	-0.6460618	2264.445	0	0	0	11.36282
217.9	-0.6894672	2265.58	0	0	0	11.36642
218	-0.7334675	2266.715	0	0	0	11.37038
218.1	-0.7780488	2267.851	0	0	0	11.37461
218.2	-0.8231655	2268.986	0	0	0	11.37945
218.3	-0.8687615	2270.121	0	0	0	11.38473
218.4	-0.9148108	2271.256	0	0	0	11.39037
218.5	-0.9613265	2272.392	0	0	0	11.39636
218.6	-1.008289	2273.527	0	0	0	11.40242
218.7	-1.05563	2274.662	0	0	0	11.40895
218.8	-1.103269	2275.798	0	0	0	11.41583
218.9	-1.151149	2276.938	0	0	0	11.42282
219	-1.19912	2278.086	0	0	0	11.42986
219.1	-1.247157	2279.233	0	0	0	11.43695
219.2	-1.295205	2280.381	0	0	0	11.44402
219.3	-1.343195	2281.528	0	0	0	11.45104
219.4	-1.391074	2282.676	0	0	0	11.45792
219.5	-1.4388	2283.823	0	0	0	11.46458
219.6	-1.48632	2284.971	0	0	0	11.47104
219.7	-1.533581	2286.118	0	0	0	11.47727
219.8	-1.580531	2287.266	0	0	0	11.48314
219.9	-1.627125	2288.413	0	0	0	11.48868
220	-1.673305	2289.561	0	0	0	11.49381
220.1	-1.719	2290.708	0	0	0	11.49852
220.2	-1.764172	2291.855	0	0	0	11.50299
220.3	-1.808846	2293.003	0	0	0	11.50686
220.4	-1.853054	2294.15	0	0	0	11.51021
220.5	-1.896791	2295.298	0	0	0	11.51318
220.6	-1.940017	2296.445	0	0	0	11.51569
220.7	-1.982682	2297.593	0	0	0	11.51769
220.8	-2.024744	2298.74	0	0	0	11.5193
220.9	-2.0662	2299.887	0	0	0	11.52042
221	-2.107074	2301.035	0	0	0	11.5209
221.1	-2.147379	2302.182	0	0	0	11.52088
221.2	-2.187109	2303.33	0	0	0	11.52034
221.3	-2.226226	2304.477	0	0	0	11.51936
221.4	-2.264734	2305.624	0	0	0	11.51804
221.5	-2.302673	2306.771	0	0	0	11.51606
221.6	-2.340087	2307.919	0	0	0	11.51357
221.7	-2.37699	2309.066	0	0	0	11.51067
221.8	-2.413356	2310.214	0	0	0	11.50738
221.9	-2.44919	2311.361	0	0	0	11.5039
222	-2.484553	2312.509	0	0	0	11.49989
222.1	-2.519514	2313.656	0	0	0	11.49545
222.2	-2.554101	2314.803	0	0	0	11.4907
222.3	-2.588303	2315.951	0	0	0	11.48573
222.4	-2.622109	2317.098	0	0	0	11.48041
222.5	-2.65555	2318.246	0	0	0	11.47509
222.6	-2.688708	2319.393	0	0	0	11.46932
222.7	-2.721647	2320.541	0	0	0	11.46335
222.8	-2.754405	2321.688	0	0	0	11.45728
222.9	-2.787002	2322.835	0	0	0	11.45112
223	-2.819456	2323.983	0	0	0	11.44483
223.1	-2.851773	2325.13	0	0	0	11.43851
223.2	-2.883963	2326.278	0	0	0	11.43214
223.3	-2.916049	2327.425	0	0	0	11.42567
223.4	-2.948061	2328.573	0	0	0	11.4192
223.5	-2.980017	2329.719	0	0	0	11.41266
223.6	-3.012047	2330.854	0	0	0	11.40635
223.7	-3.04424	2331.989	0	0	0	11.39999
223.8	-3.076648	2333.125	0	0	0	11.39385
223.9	-3.109317	2334.26	0	0	0	11.38795
224	-3.142291	2335.395	0	0	0	11.38243
224.1	-3.175626	2336.53	0	0	0	11.37722
224.2	-3.209388	2337.666	0	0	0	11.37238
224.3	-3.243645	2338.801	0	0	0	11.36802
224.4	-3.278465	2339.936	0	0	0	11.36416
224.5	-3.313901	2341.072	0	0	0	11.36068
224.6	-3.349963	2342.207	0	0	0	11.35775
224.7	-3.386635	2343.342	0	0	0	11.35548
224.8	-3.423919	2344.477	0	0	0	11.35376
224.9	-3.461838	2345.613	0	0	0	11.35267
225	-3.500431	2346.748	0	0	0	11.35196
