Time	Aircraft Simulation Altitude	Aircraft Simulation Position Z
0.1	1.434679	4.866891
0.2	1.433981	4.86788
0.3	1.434048	4.868052
0.4	1.434063	4.868143
0.5	1.434054	4.868195
0.6	1.434055	4.868215
0.7	1.434054	4.868227
0.8	1.434054	4.868227
0.9	1.434056	4.868228
1	1.434057	4.86823
1.1	1.434052	4.868234
1.2	1.434056	4.868235
1.3	1.434054	4.868235
1.4	1.434054	4.86823
1.5	1.434056	4.868229
1.6	1.434056	4.868229
1.7	1.434055	4.86823
1.8	1.434058	4.868236
1.9	1.434059	4.868238
2	1.434059	4.868236
2.1	1.434057	4.86824
2.2	1.43406	4.868236
2.3	1.434057	4.868237
2.4	1.43406	4.868234
2.5	1.43406	4.868235
2.6	1.434057	4.868237
2.7	1.434059	4.868238
2.8	1.434056	4.868235
2.9	1.43406	4.868235
3	1.434058	4.868244
3.1	1.434057	4.868245
3.2	1.434057	4.868245
3.3	1.434057	4.868247
3.4	1.434057	4.868245
3.5	1.434057	4.868245
3.6	1.434057	4.868248
3.7	1.434059	4.868255
3.8	1.434055	4.868278
3.9	1.434058	4.868316
4	1.434059	4.868368
4.1	1.434055	4.868431
4.2	1.434054	4.868494
4.3	1.434062	4.868561
4.4	1.434058	4.868644
4.5	1.434059	4.868723
4.6	1.434061	4.868857
4.7	1.434061	4.869269
4.8	1.434082	4.871609
4.9	1.43417	4.880232
5	1.43439	4.901049
5.1	1.434804	4.940549
5.2	1.435471	5.00291
5.3	1.436396	5.089574
5.4	1.437597	5.201812
5.5	1.439085	5.340872
5.6	1.440879	5.507931
5.7	1.442988	5.704071
5.8	1.44542	5.930236
5.9	1.448186	6.187202
6	1.451296	6.47558
6.1	1.454746	6.79579
6.2	1.458548	7.148059
6.3	1.462691	7.532442
6.4	1.467188	7.948819
6.5	1.472026	8.396937
6.6	1.477202	8.876416
6.7	1.482711	9.386775
6.8	1.488553	9.92745
6.9	1.494717	10.4978
7	1.501193	11.09717
7.1	1.507979	11.72488
7.2	1.515065	12.38026
7.3	1.522443	13.06263
7.4	1.530105	13.77132
7.5	1.538047	14.5057
7.6	1.546263	15.26516
7.7	1.554741	16.04908
7.8	1.56348	16.85692
7.9	1.572471	17.6881
8	1.581711	18.54212
8.1	1.591193	19.41848
8.2	1.600911	20.31672
8.3	1.610863	21.23637
8.4	1.621041	22.17702
8.5	1.631442	23.13824
8.6	1.633949	24.12201
8.7	1.610872	25.13489
8.8	1.594505	26.16682
8.9	1.574832	27.22438
9	1.557261	28.30315
9.1	1.538712	29.40481
9.2	1.520025	30.52841
9.3	1.500908	31.67385
9.4	1.494434	32.83631
9.5	1.503636	34.01693
9.6	1.509711	35.227
9.7	1.514502	36.47053
9.8	1.518995	37.74868
9.9	1.523543	39.06136
10	1.528493	40.40774
10.1	1.532866	41.78707
10.2	1.535485	43.19648
10.3	1.536587	44.63322
10.4	1.538337	46.09592
10.5	1.541924	47.58374
10.6	1.554422	49.09479
10.7	1.578725	50.62691
10.8	1.602194	52.18179
10.9	1.625432	53.75816
11	1.652631	55.35418
11.1	1.689659	56.96811
11.2	1.761078	58.59397
11.3	1.867507	60.22915
11.4	1.996883	61.87449
11.5	2.146511	63.52731
11.6	2.315949	65.18444
11.7	2.50667	66.84272
11.8	2.720598	68.49995
11.9	2.960229	70.15399
12	3.22924	71.80228
12.1	3.531995	73.44185
12.2	3.8722	75.06939
12.3	4.251537	76.68125
12.4	4.669026	78.27422
12.5	5.121648	79.84557
12.6	5.603259	81.39202
12.7	6.103967	82.91064
12.8	6.61251	84.39992
12.9	7.119905	85.85928
13	7.621522	87.29003
13.1	8.114709	88.69363
13.2	8.597087	90.07169
13.3	9.065657	91.42632
13.4	9.517118	92.75989
13.5	9.948723	94.0748
13.6	10.35847	95.37348
13.7	10.74487	96.65845
13.8	11.10657	97.9323
13.9	11.44223	99.19762
14	11.75062	100.457
14.1	12.03068	101.7132
14.2	12.28148	102.9688
14.3	12.50134	104.2241
14.4	12.68866	105.4802
14.5	12.8427	106.7397
14.6	12.96306	108.0054
14.7	13.0498	109.2799
14.8	13.10354	110.5655
14.9	13.12538	111.8648
15	13.11686	113.1799
15.1	13.08015	114.5129
15.2	13.01815	115.8655
15.3	12.93458	117.2397
15.4	12.83338	118.6371
15.5	12.71793	120.0585
15.6	12.59072	121.504
15.7	12.45312	122.973
15.8	12.306	124.4649
15.9	12.1504	125.9787
16	11.98757	127.5135
16.1	11.81906	129.0689
16.2	11.64851	130.6448
16.3	11.48149	132.2407
16.4	11.32346	133.8562
16.5	11.17869	135.4904
16.6	11.04998	137.1419
16.7	10.93911	138.8086
16.8	10.84809	140.489
16.9	10.77993	142.1828
17	10.73767	143.8877
17.1	10.72319	145.601
17.2	10.7375	147.3196
17.3	10.78128	149.0405
17.4	10.85473	150.7601
17.5	10.95714	152.4758
17.6	11.08735	154.1847
17.7	11.24402	155.884
17.8	11.42544	157.5715
17.9	11.62992	159.246
18	11.85768	160.9055
18.1	12.11064	162.5485
18.2	12.39117	164.1727
18.3	12.69983	165.7753
18.4	13.03251	167.3541
18.5	13.38052	168.9087
18.6	13.73397	170.4403
18.7	14.08564	171.9509
18.8	14.43358	173.4407
18.9	14.77938	174.9091
19	15.12488	176.3567
19.1	15.47023	177.7847
19.2	15.81383	179.1948
19.3	16.15322	180.5889
19.4	16.48541	181.9689
19.5	16.8067	183.3372
19.6	17.11324	184.696
19.7	17.40209	186.0476
19.8	17.67166	187.3941
19.9	17.92183	188.737
20	18.1535	190.0776
20.1	18.36704	191.4169
20.2	18.56096	192.7572
20.3	18.73203	194.1002
20.4	18.87688	195.4486
20.5	18.99486	196.8038
20.6	19.08799	198.1664
20.7	19.15792	199.5377
20.8	19.2046	200.9194
20.9	19.22655	202.3133
21	19.22196	203.7221
21.1	19.18967	205.1493
21.2	19.12982	206.5965
21.3	19.04587	208.0645
21.4	18.94444	209.5557
21.5	18.83387	211.0748
21.6	18.72245	212.6265
21.7	18.61804	214.2148
21.8	18.52837	215.8413
21.9	18.46023	217.5044
22	18.41865	219.2008
22.1	18.40898	220.9263
22.2	18.43741	222.6759
22.3	18.50955	224.4441
22.4	18.62912	226.2255
22.5	18.79855	228.013
22.6	19.01864	229.798
22.7	19.28894	231.574
22.8	19.60994	233.336
22.9	19.98452	235.0781
23	20.41615	236.7939
23.1	20.90592	238.4774
23.2	21.45201	240.1231
23.3	22.05002	241.7258
23.4	22.69272	243.2808
23.5	23.37312	244.7854
23.6	24.08382	246.2386
23.7	24.81434	247.6416
23.8	25.55218	248.9993
23.9	26.28488	250.3196
24	27.00079	251.6113
24.1	27.69009	252.8835
24.2	28.34531	254.1435
24.3	28.96339	255.3958
24.4	29.54446	256.6431
24.5	30.09024	257.8866
24.6	30.60338	259.1276
24.7	31.08529	260.3676
24.8	31.53595	261.6095
24.9	31.95509	262.8556
25	32.3423	264.1082
25.1	32.69851	265.369
25.2	33.02576	266.6401
25.3	33.32587	267.9231
25.4	33.60006	269.2199
25.5	33.84933	270.532
25.6	34.07502	271.861
25.7	34.27961	273.2075
25.8	34.46711	274.5724
25.9	34.64235	275.956
26	34.80983	277.358
26.1	34.97245	278.7791
26.2	35.13283	280.2194
26.3	35.29392	281.6783
26.4	35.45721	283.1544
26.5	35.62407	284.6467
26.6	35.79793	286.1557
26.7	35.98201	287.6805
26.8	36.17893	289.218
26.9	36.39239	290.766
27	36.62643	292.3227
27.1	36.88348	293.8858
27.2	37.16351	295.453
27.3	37.46216	297.0228
27.4	37.77284	298.5948
27.5	38.09149	300.1687
27.6	38.41818	301.744
27.7	38.75301	303.3208
27.8	39.09483	304.8978
27.9	39.44431	306.4741
28	39.80165	308.0496
28.1	40.16476	309.6241
28.2	40.53162	311.197
28.3	40.90126	312.7688
28.4	41.2733	314.3394
28.5	41.6473	315.9085
28.6	42.0228	317.4763
28.7	42.39951	319.0426
28.8	42.77722	320.6075
28.9	43.15564	322.1707
29	43.53369	323.7299
29.1	43.91046	325.2838
29.2	44.28577	326.8324
29.3	44.65939	328.3758
29.4	45.0308	329.9138
29.5	45.39871	331.4447
29.6	45.76247	332.968
29.7	46.12173	334.4845
29.8	46.47603	335.9945
29.9	46.82493	337.4986
30	47.16795	338.9975
30.1	47.50465	340.4917
30.2	47.83466	341.982
30.3	48.15766	343.469
30.4	48.47336	344.9535
30.5	48.78156	346.4361
30.6	49.08235	347.917
30.7	49.37667	349.3976
30.8	49.66498	350.8771
30.9	49.94791	352.3573
31	50.22622	353.8382
31.1	50.4994	355.3192
31.2	50.76651	356.8019
31.3	51.02682	358.2869
31.4	51.27904	359.7757
31.5	51.52003	361.2696
31.6	51.74767	362.7687
31.7	51.96294	364.272
31.8	52.16827	365.7795
31.9	52.36543	367.2917
32	52.55529	368.8091
32.1	52.73829	370.3321
32.2	52.9151	371.8612
32.3	53.08676	373.3968
32.4	53.25433	374.939
32.5	53.41901	376.4878
32.6	53.58397	378.0422
32.7	53.75533	379.6013
32.8	53.93983	381.1635
32.9	54.14089	382.7282
33	54.35773	384.2936
33.1	54.5855	385.8585
33.2	54.81912	387.4224
33.3	55.05697	388.9853
33.4	55.30047	390.5463
33.5	55.55042	392.1056
33.6	55.80626	393.6622
33.7	56.06632	395.2162
33.8	56.32865	396.7673
33.9	56.59202	398.3156
34	56.85581	399.8614
34.1	57.11936	401.4048
34.2	57.38201	402.9456
34.3	57.64354	404.4842
34.4	57.90567	406.0195
34.5	58.17081	407.5522
34.6	58.43831	409.0819
34.7	58.70543	410.6089
34.8	58.97002	412.1334
34.9	59.23117	413.656
35	59.48855	415.1773
35.1	59.74201	416.6975
35.2	59.99142	418.2173
35.3	60.23669	419.736
35.4	60.47776	421.2554
35.5	60.71461	422.7757
35.6	60.94724	424.2965
35.7	61.17542	425.8177
35.8	61.39835	427.3362
35.9	61.61519	428.849
36	61.82505	430.3537
36.1	62.02692	431.8476
36.2	62.21961	433.3288
36.3	62.40166	434.7957
36.4	62.57151	436.2468
36.5	62.72747	437.6813
36.6	62.86776	439.0993
36.7	62.99051	440.5011
36.8	63.09414	441.8898
36.9	63.17749	443.2685
37	63.23927	444.6388
37.1	63.27843	446.0026
37.2	63.29422	447.3617
37.3	63.28619	448.7181
37.4	63.25427	450.0734
37.5	63.19872	451.4302
37.6	63.12015	452.7903
37.7	63.01945	454.1557
37.8	62.89767	455.5284
37.9	62.75648	456.9099
38	62.59798	458.3025
38.1	62.42408	459.7084
38.2	62.23693	461.129
38.3	62.03894	462.5648
38.4	61.83367	464.017
38.5	61.62527	465.4874
38.6	61.4171	466.9777
38.7	61.21144	468.4877
38.8	61.00831	470.016
38.9	60.80667	471.5616
39	60.60702	473.1244
39.1	60.4111	474.7043
39.2	60.22085	476.3011
39.3	60.03796	477.9143
39.4	59.86402	479.5428
39.5	59.70045	481.1862
39.6	59.54889	482.843
39.7	59.41082	484.5124
39.8	59.28764	486.1929
39.9	59.18045	487.8832
40	59.09031	489.5816
40.1	59.01813	491.2866
40.2	58.96463	492.9963
40.3	58.93023	494.7092
40.4	58.91507	496.4227
40.5	58.91932	498.1359
40.6	58.94284	499.8466
40.7	58.98512	501.5529
40.8	59.04553	503.253
40.9	59.12328	504.9454
41	59.2174	506.6283
41.1	59.32664	508.3003
41.2	59.44958	509.9601
41.3	59.58471	511.6064
41.4	59.73039	513.2382
41.5	59.88485	514.8544
41.6	60.04624	516.4547
41.7	60.21263	518.0384
41.8	60.38205	519.605
41.9	60.55256	521.1544
42	60.72215	522.6869
42.1	60.8889	524.2024
42.2	61.05085	525.7015
42.3	61.20609	527.1845
42.4	61.35278	528.6523
42.5	61.48922	530.1058
42.6	61.61376	531.546
42.7	61.72481	532.9739
42.8	61.82088	534.3906
42.9	61.90067	535.7979
43	61.96302	537.197
43.1	62.00698	538.5893
43.2	62.03181	539.9763
43.3	62.03694	541.3602
43.4	62.02211	542.7419
43.5	61.98732	544.1237
43.6	61.93283	545.5072
43.7	61.85916	546.894
43.8	61.76709	548.2861
43.9	61.6575	549.6851
44	61.53147	551.0923
44.1	61.39024	552.5095
44.2	61.23513	553.938
44.3	61.06767	555.3792
44.4	60.88948	556.8343
44.5	60.7023	558.3043
44.6	60.50785	559.7902
44.7	60.30789	561.2925
44.8	60.10426	562.8118
44.9	59.89893	564.3486
45	59.69386	565.903
45.1	59.49097	567.475
45.2	59.29214	569.0644
45.3	59.09923	570.6707
45.4	58.91421	572.2933
45.5	58.73887	573.9318
45.6	58.57486	575.585
45.7	58.42375	577.2516
45.8	58.28712	578.9307
45.9	58.16634	580.6209
46	58.06258	582.3204
46.1	57.9768	584.0278
46.2	57.90987	585.7412
46.3	57.86251	587.459
46.4	57.83509	589.1787
46.5	57.82772	590.8983
46.6	57.8404	592.6175
46.7	57.87291	594.3329
46.8	57.92471	596.0433
46.9	57.99503	597.7468
47	58.08295	599.4413
47.1	58.18736	601.1255
47.2	58.30692	602.7978
47.3	58.44012	604.4567
47.4	58.58529	606.1013
47.5	58.7407	607.7305
47.6	58.90445	609.3433
47.7	59.07463	610.9392
47.8	59.24922	612.5177
47.9	59.42615	614.0784
48	59.60339	615.6215
48.1	59.77885	617.1468
48.2	59.95057	618.6548
48.3	60.11656	620.146
48.4	60.27487	621.6209
48.5	60.42361	623.0804
48.6	60.56102	624.5253
48.7	60.68543	625.9569
48.8	60.79526	627.3762
48.9	60.88901	628.7849
49	60.96536	630.184
49.1	61.02317	631.5751
49.2	61.06154	632.9601
49.3	61.07974	634.3403
49.4	61.07735	635.7177
49.5	61.05417	637.0935
49.6	61.01032	638.47
49.7	60.94617	639.8494
49.8	60.8624	641.2328
49.9	60.75983	642.6225
50	60.63956	644.0196
50.1	60.50276	645.4261
50.2	60.35078	646.8435
50.3	60.18506	648.2732
50.4	60.00715	649.7167
50.5	59.81881	651.1748
50.6	59.62183	652.6489
50.7	59.41808	654.1399
50.8	59.20944	655.6481
50.9	58.99779	657.1743
51	58.7851	658.7184
51.1	58.57347	660.2808
51.2	58.36491	661.8615
51.3	58.16137	663.46
51.4	57.96473	665.076
51.5	57.77699	666.7087
51.6	57.59997	668.3573
51.7	57.43544	670.0208
51.8	57.28495	671.6979
51.9	57.15001	673.3871
52	57.03205	675.0873
52.1	56.93223	676.7967
52.2	56.85146	678.5134
52.3	56.79056	680.2354
52.4	56.75017	681.9612
52.5	56.73064	683.6896
52.6	56.732	685.4171
52.7	56.75409	687.1418
52.8	56.79663	688.8625
52.9	56.859	690.5767
53	56.9403	692.283
53.1	57.03941	693.9794
53.2	57.15514	695.6643
53.3	57.28601	697.3361
53.4	57.43041	698.9937
53.5	57.58654	700.6357
53.6	57.75251	702.2614
53.7	57.9263	703.8698
53.8	58.1059	705.4603
53.9	58.2892	707.0327
54	58.47405	708.5865
54.1	58.65831	710.1219
54.2	58.83984	711.6392
54.3	59.01658	713.1387
54.4	59.18653	714.6208
54.5	59.34772	716.0864
54.6	59.49816	717.5364
54.7	59.63607	718.9717
54.8	59.75975	720.3939
54.9	59.86761	721.8038
55	59.95816	723.2031
55.1	60.03011	724.5935
55.2	60.08228	725.9762
55.3	60.11382	727.3532
55.4	60.12411	728.7263
55.5	60.1128	730.0964
55.6	60.07986	731.4662
55.7	60.02551	732.838
55.8	59.95027	734.2128
55.9	59.8549	735.593
56	59.74046	736.9802
56.1	59.60809	738.376
56.2	59.45917	739.7823
56.3	59.29517	741.2004
56.4	59.11763	742.6322
56.5	58.92823	744.0786
56.6	58.72872	745.541
56.7	58.52102	747.0201
56.8	58.30714	748.517
56.9	58.08907	750.0322
57	57.86879	751.5662
57.1	57.64829	753.1191
57.2	57.42976	754.6909
57.3	57.2153	756.2816
57.4	57.00697	757.8907
57.5	56.8067	759.5177
57.6	56.61644	761.1616
57.7	56.43813	762.8217
57.8	56.27359	764.4966
57.9	56.12436	766.1854
58	55.99193	767.886
58.1	55.87772	769.5974
58.2	55.78292	771.3174
58.3	55.7084	773.0443
58.4	55.65483	774.7761
58.5	55.62279	776.5109
58.6	55.6126	778.2456
58.7	55.62417	779.9801
58.8	55.65721	781.7108
58.9	55.71128	783.4363
59	55.78568	785.1546
59.1	55.87938	786.8634
59.2	55.9911	788.5612
59.3	56.11947	790.2464
59.4	56.26289	791.9172
59.5	56.4196	793.5727
59.6	56.58767	795.2116
59.7	56.76506	796.8329
59.8	56.94968	798.436
59.9	57.13934	800.0203
60	57.33186	801.5854
60.1	57.52497	803.1313
60.2	57.7165	804.6582
60.3	57.90421	806.1662
60.4	58.08598	807.6559
60.5	58.25976	809.1282
60.6	58.4235	810.5833
60.7	58.57525	812.0228
60.8	58.71311	813.4476
60.9	58.83537	814.8592
61	58.94044	816.259
61.1	59.02684	817.6483
61.2	59.09322	819.0292
61.3	59.13853	820.4028
61.4	59.16191	821.7712
61.5	59.16286	823.1362
61.6	59.14117	824.5
61.7	59.09693	825.8638
61.8	59.03056	827.2302
61.9	58.94273	828.6011
62	58.83436	829.978
62.1	58.7066	831.363
62.2	58.56078	832.7579
62.3	58.3984	834.1644
62.4	58.22109	835.5842
62.5	58.03055	837.0187
62.6	57.82856	838.4691
62.7	57.61697	839.9365
62.8	57.39774	841.4219
62.9	57.173	842.9261
63	56.94489	844.4496
63.1	56.71551	845.9928
63.2	56.48695	847.5557
63.3	56.26138	849.1384
63.4	56.04103	850.7405
63.5	55.82804	852.3616
63.6	55.62445	854.0009
63.7	55.43219	855.6577
63.8	55.25324	857.3305
63.9	55.08945	859.0183
64	54.94241	860.7197
64.1	54.81357	862.433
64.2	54.70431	864.1564
64.3	54.61582	865.8881
64.4	54.54892	867.626
64.5	54.50419	869.3681
64.6	54.48212	871.1119
64.7	54.48291	872.8558
64.8	54.50639	874.5973
64.9	54.5521	876.3341
65	54.61942	878.0645
65.1	54.70751	879.786
65.2	54.81519	881.497
65.3	54.94103	883.1955
65.4	55.08343	884.88
65.5	55.24069	886.5491
65.6	55.41087	888.2014
65.7	55.5919	889.8358
65.8	55.78158	891.4514
65.9	55.97768	893.0479
66	56.17793	894.6245
66.1	56.37999	896.181
66.2	56.58159	897.7177
66.3	56.78041	899.2344
66.4	56.97416	900.7319
66.5	57.16063	902.2106
66.6	57.33768	903.6711
66.7	57.50332	905.1148
66.8	57.65551	906.5426
66.9	57.79233	907.956
67	57.91201	909.3561
67.1	58.01294	910.7447
67.2	58.09366	912.1234
67.3	58.15288	913.4937
67.4	58.18955	914.8578
67.5	58.20295	916.2172
67.6	58.19267	917.5751
67.7	58.15866	918.9324
67.8	58.10121	920.2902
67.9	58.02093	921.6519
68	57.9187	923.0186
68.1	57.79561	924.3929
68.2	57.65294	925.7764
68.3	57.49216	927.1713
68.4	57.3149	928.5791
68.5	57.12293	930.0015
68.6	56.91814	931.44
68.7	56.70243	932.8957
68.8	56.47777	934.3698
68.9	56.2462	935.8629
69	56.00996	937.376
69.1	55.7713	938.9095
69.2	55.5325	940.4635
69.3	55.2957	942.0382
69.4	55.06314	943.6335
69.5	54.83712	945.2487
69.6	54.61989	946.8834
69.7	54.41351	948.5369
69.8	54.21996	950.2078
69.9	54.04126	951.8951
70	53.87929	953.5971
70.1	53.7357	955.3126
70.2	53.61182	957.0396
70.3	53.50904	958.7762
70.4	53.42846	960.5204
70.5	53.37088	962.2698
70.6	53.33676	964.0228
70.7	53.32643	965.7757
70.8	53.33997	967.5282
70.9	53.37714	969.2768
71	53.43729	971.0198
71.1	53.51962	972.7545
71.2	53.6231	974.4789
71.3	53.74642	976.1915
71.4	53.88795	977.8901
71.5	54.04591	979.5731
71.6	54.21838	981.2393
71.7	54.40328	982.8873
71.8	54.59838	984.5159
71.9	54.80133	986.1248
72	55.00975	987.713
72.1	55.2212	989.2805
72.2	55.43327	990.8269
72.3	55.64362	992.3525
72.4	55.84981	993.8577
72.5	56.04948	995.3431
72.6	56.24035	996.8092
72.7	56.42027	998.257
72.8	56.58712	999.6875
72.9	56.73889	1001.102
73	56.8736	1002.503
73.1	56.98946	1003.89
73.2	57.08483	1005.267
73.3	57.15825	1006.634
73.4	57.20847	1007.993
73.5	57.23454	1009.347
73.6	57.23587	1010.697
73.7	57.21222	1012.046
73.8	57.16376	1013.395
73.9	57.09097	1014.747
74	56.99471	1016.103
74.1	56.87609	1017.466
74.2	56.73639	1018.838
74.3	56.57706	1020.221
74.4	56.39964	1021.617
74.5	56.20592	1023.027
74.6	55.99781	1024.453
74.7	55.77738	1025.897
74.8	55.54668	1027.359
74.9	55.30785	1028.841
75	55.06302	1030.344
75.1	54.81448	1031.867
75.2	54.56462	1033.413
75.3	54.31583	1034.98
75.4	54.07038	1036.569
75.5	53.83059	1038.178
75.6	53.59886	1039.809
75.7	53.37753	1041.459
75.8	53.16877	1043.129
75.9	52.9746	1044.816
76	52.79703	1046.519
76.1	52.63795	1048.238
76.2	52.49901	1049.969
76.3	52.38156	1051.711
76.4	52.28686	1053.462
76.5	52.216	1055.22
76.6	52.16967	1056.982
76.7	52.14819	1058.744
76.8	52.15173	1060.506
76.9	52.18029	1062.268
77	52.23339	1064.024
77.1	52.31022	1065.772
77.2	52.40979	1067.511
77.3	52.53087	1069.238
77.4	52.67192	1070.951
77.5	52.8311	1072.649
77.6	53.00644	1074.329
77.7	53.19582	1075.991
77.8	53.39695	1077.634
77.9	53.60743	1079.255
78	53.82476	1080.856
78.1	54.0464	1082.434
78.2	54.26978	1083.991
78.3	54.49241	1085.525
78.4	54.71179	1087.038
78.5	54.92542	1088.53
78.6	55.13083	1090.001
78.7	55.32573	1091.453
78.8	55.5079	1092.886
78.9	55.67517	1094.302
79	55.82544	1095.702
79.1	55.95675	1097.088
79.2	56.06721	1098.462
79.3	56.1552	1099.825
79.4	56.21929	1101.179
79.5	56.25827	1102.526
79.6	56.27133	1103.869
79.7	56.25806	1105.209
79.8	56.21846	1106.549
79.9	56.15295	1107.89
80	56.06228	1109.235
80.1	55.94755	1110.587
80.2	55.81011	1111.948
80.3	55.65146	1113.318
80.4	55.47322	1114.701
80.5	55.2771	1116.099
80.6	55.065	1117.513
80.7	54.83897	1118.944
80.8	54.60127	1120.395
80.9	54.35414	1121.866
81	54.09983	1123.358
81.1	53.84062	1124.872
81.2	53.57895	1126.409
81.3	53.31735	1127.968
81.4	53.05831	1129.55
81.5	52.80424	1131.155
81.6	52.55756	1132.781
81.7	52.32073	1134.429
81.8	52.09618	1136.097
81.9	51.88613	1137.785
82	51.69267	1139.49
82.1	51.51784	1141.211
82.2	51.36356	1142.948
82.3	51.23141	1144.696
82.4	51.12271	1146.455
82.5	51.03868	1148.222
82.6	50.98029	1149.995
82.7	50.9481	1151.769
82.8	50.94227	1153.543
82.9	50.96283	1155.317
83	51.00955	1157.087
83.1	51.08171	1158.85
83.2	51.17831	1160.603
83.3	51.2981	1162.345
83.4	51.43959	1164.073
83.5	51.60097	1165.786
83.6	51.78023	1167.48
83.7	51.97512	1169.156
83.8	52.18328	1170.811
83.9	52.40222	1172.445
84	52.62934	1174.057
84.1	52.86198	1175.646
84.2	53.09745	1177.212
84.3	53.33304	1178.755
84.4	53.56617	1180.275
84.5	53.79423	1181.773
84.6	54.01464	1183.248
84.7	54.22488	1184.703
84.8	54.42255	1186.138
84.9	54.60538	1187.555
85	54.77116	1188.954
85.1	54.91775	1190.338
85.2	55.04309	1191.708
85.3	55.14532	1193.066
85.4	55.22281	1194.414
85.5	55.27415	1195.755
85.6	55.29827	1197.09
85.7	55.29454	1198.421
85.8	55.26286	1199.749
85.9	55.20355	1201.08
86	55.11729	1202.414
86.1	55.00523	1203.755
86.2	54.86874	1205.103
86.3	54.70938	1206.461
86.4	54.52889	1207.832
86.5	54.32906	1209.217
86.6	54.11177	1210.619
86.7	53.87907	1212.039
86.8	53.63316	1213.478
86.9	53.37645	1214.938
87	53.11139	1216.421
87.1	52.84037	1217.926
87.2	52.56585	1219.455
87.3	52.29034	1221.007
87.4	52.01654	1222.584
87.5	51.7471	1224.184
87.6	51.48458	1225.808
87.7	51.2315	1227.454
87.8	50.99043	1229.123
87.9	50.76385	1230.812
88	50.55407	1232.521
88.1	50.36319	1234.247
88.2	50.1933	1235.989
88.3	50.0463	1237.746
88.4	49.92372	1239.514
88.5	49.82681	1241.291
88.6	49.75669	1243.075
88.7	49.71419	1244.862
88.8	49.69965	1246.654
88.9	49.71307	1248.442
89	49.75431	1250.227
89.1	49.82287	1252.005
89.2	49.91777	1253.775
89.3	50.03771	1255.532
89.4	50.18118	1257.276
89.5	50.34638	1259.004
89.6	50.5312	1260.713
89.7	50.73335	1262.403
89.8	50.95033	1264.072
89.9	51.1795	1265.718
90	51.41814	1267.341
90.1	51.66349	1268.941
90.2	51.91266	1270.516
90.3	52.16281	1272.066
90.4	52.4111	1273.592
90.5	52.65483	1275.094
90.6	52.89128	1276.574
90.7	53.11779	1278.03
90.8	53.33177	1279.466
90.9	53.53079	1280.881
91	53.71251	1282.278
91.1	53.87462	1283.659
91.2	54.0149	1285.024
91.3	54.13128	1286.376
91.4	54.22189	1287.717
91.5	54.2851	1289.049
91.6	54.31961	1290.375
91.7	54.32451	1291.697
91.8	54.29953	1293.016
91.9	54.24495	1294.336
92	54.16147	1295.658
92.1	54.05027	1296.986
92.2	53.91276	1298.322
92.3	53.75061	1299.667
92.4	53.56567	1301.025
92.5	53.35988	1302.398
92.6	53.13524	1303.788
92.7	52.8938	1305.196
92.8	52.63778	1306.625
92.9	52.3696	1308.075
93	52.09183	1309.549
93.1	51.80712	1311.046
93.2	51.51803	1312.568
93.3	51.22715	1314.115
93.4	50.93726	1315.688
93.5	50.65119	1317.286
93.6	50.37172	1318.908
93.7	50.10149	1320.556
93.8	49.84316	1322.226
93.9	49.59944	1323.919
94	49.37287	1325.633
94.1	49.16574	1327.366
94.2	48.98023	1329.116
94.3	48.81841	1330.882
94.4	48.68214	1332.661
94.5	48.5728	1334.451
94.6	48.49163	1336.248
94.7	48.43954	1338.052
94.8	48.41722	1339.856
94.9	48.42473	1341.66
95	48.46189	1343.462
95.1	48.52827	1345.257
95.2	48.62298	1347.043
95.3	48.74471	1348.817
95.4	48.89189	1350.577
95.5	49.06268	1352.321
95.6	49.25492	1354.046
95.7	49.46618	1355.75
95.8	49.69387	1357.432
95.9	49.93518	1359.09
96	50.18726	1360.725
96.1	50.44715	1362.333
96.2	50.71183	1363.917
96.3	50.97825	1365.474
96.4	51.24336	1367.005
96.5	51.50426	1368.511
96.6	51.75811	1369.993
96.7	52.00209	1371.45
96.8	52.23345	1372.885
96.9	52.44954	1374.298
97	52.64783	1375.691
97.1	52.82591	1377.066
97.2	52.98136	1378.424
97.3	53.1119	1379.769
97.4	53.2154	1381.101
97.5	53.29002	1382.424
97.6	53.33416	1383.739
97.7	53.34671	1385.049
97.8	53.32713	1386.355
97.9	53.27565	1387.661
98	53.19308	1388.971
98.1	53.08066	1390.285
98.2	52.93994	1391.607
98.3	52.77271	1392.939
98.4	52.58092	1394.284
98.5	52.36663	1395.644
98.6	52.13201	1397.022
98.7	51.87929	1398.419
98.8	51.61072	1399.837
98.9	51.32871	1401.278
99	51.03592	1402.743
99.1	50.73517	1404.234
99.2	50.42926	1405.75
99.3	50.12098	1407.294
99.4	49.81313	1408.864
99.5	49.50867	1410.461
99.6	49.21061	1412.084
99.7	48.92182	1413.734
99.8	48.6451	1415.409
99.9	48.38327	1417.107
100	48.13913	1418.829
100.1	47.91526	1420.571
100.2	47.71394	1422.332
100.3	47.53742	1424.11
100.4	47.3878	1425.902
100.5	47.2667	1427.707
100.6	47.17538	1429.52
100.7	47.11495	1431.339
100.8	47.08624	1433.162
100.9	47.08947	1434.985
101	47.12444	1436.804
101.1	47.19075	1438.617
101.2	47.2876	1440.421
101.3	47.4137	1442.214
101.4	47.56732	1443.991
101.5	47.74653	1445.751
101.6	47.9491	1447.491
101.7	48.17247	1449.21
101.8	48.41381	1450.905
101.9	48.67018	1452.575
102	48.9385	1454.219
102.1	49.21561	1455.837
102.2	49.49829	1457.427
102.3	49.78326	1458.989
102.4	50.06729	1460.524
102.5	50.34724	1462.032
102.6	50.62009	1463.513
102.7	50.88285	1464.969
102.8	51.13258	1466.4
102.9	51.36646	1467.809
103	51.58179	1469.196
103.1	51.77597	1470.563
103.2	51.94641	1471.913
103.3	52.09057	1473.247
103.4	52.2061	1474.568
103.5	52.29086	1475.879
103.6	52.34301	1477.182
103.7	52.36118	1478.479
103.8	52.34461	1479.771
103.9	52.29343	1481.064
104	52.2086	1482.359
104.1	52.09161	1483.658
104.2	51.94421	1484.966
104.3	51.76836	1486.284
104.4	51.56612	1487.615
104.5	51.33971	1488.963
104.6	51.09145	1490.328
104.7	50.82374	1491.715
104.8	50.53902	1493.124
104.9	50.23978	1494.557
105	49.9287	1496.015
105.1	49.60873	1497.5
105.2	49.28289	1499.014
105.3	48.95417	1500.556
105.4	48.6255	1502.126
105.5	48.30002	1503.724
105.6	47.98095	1505.352
105.7	47.67143	1507.007
105.8	47.37445	1508.69
105.9	47.09302	1510.398
106	46.83014	1512.13
106.1	46.5887	1513.885
106.2	46.37117	1515.661
106.3	46.17996	1517.454
106.4	46.01735	1519.264
106.5	45.88524	1521.087
106.6	45.78502	1522.919
106.7	45.71789	1524.759
106.8	45.6848	1526.6
106.9	45.68608	1528.441
107	45.72159	1530.282
107.1	45.79089	1532.115
107.2	45.8932	1533.94
107.3	46.02714	1535.751
107.4	46.19091	1537.547
107.5	46.38242	1539.325
107.6	46.59927	1541.082
107.7	46.8387	1542.815
107.8	47.09766	1544.523
107.9	47.373	1546.205
108	47.66133	1547.858
108.1	47.95929	1549.483
108.2	48.2634	1551.079
108.3	48.57013	1552.645
108.4	48.87596	1554.181
108.5	49.17757	1555.688
108.6	49.47171	1557.167
108.7	49.75521	1558.619
108.8	50.02495	1560.045
108.9	50.27788	1561.446
109	50.51118	1562.824
109.1	50.72204	1564.181
109.2	50.90763	1565.519
109.3	51.06522	1566.841
109.4	51.19211	1568.149
109.5	51.28587	1569.445
109.6	51.34435	1570.733
109.7	51.36586	1572.014
109.8	51.34945	1573.291
109.9	51.29528	1574.566
110	51.20448	1575.846
110.1	51.07891	1577.13
110.2	50.92072	1578.422
110.3	50.73207	1579.725
110.4	50.51522	1581.042
110.5	50.27248	1582.376
110.6	50.00633	1583.73
110.7	49.71942	1585.106
110.8	49.4143	1586.506
110.9	49.0936	1587.933
111	48.76015	1589.386
111.1	48.41705	1590.868
111.2	48.06753	1592.38
111.3	47.71482	1593.922
111.4	47.36206	1595.496
111.5	47.01258	1597.1
111.6	46.66982	1598.734
111.7	46.33717	1600.399
111.8	46.01789	1602.093
111.9	45.71516	1603.814
112	45.43229	1605.561
112.1	45.17238	1607.333
112.2	44.93821	1609.128
112.3	44.73233	1610.942
112.4	44.55734	1612.772
112.5	44.41532	1614.618
112.6	44.30782	1616.474
112.7	44.23622	1618.338
112.8	44.20156	1620.203
112.9	44.20424	1622.07
113	44.24409	1623.935
113.1	44.3207	1625.792
113.2	44.43318	1627.639
113.3	44.58002	1629.473
113.4	44.75922	1631.288
113.5	44.96849	1633.084
113.6	45.20514	1634.857
113.7	45.46613	1636.604
113.8	45.74817	1638.325
113.9	46.04774	1640.016
114	46.36118	1641.677
114.1	46.68481	1643.307
114.2	47.0148	1644.905
114.3	47.34732	1646.471
114.4	47.67863	1648.005
114.5	48.00513	1649.509
114.6	48.32334	1650.981
114.7	48.62983	1652.425
114.8	48.92125	1653.84
114.9	49.19442	1655.229
115	49.44631	1656.594
115.1	49.67386	1657.936
115.2	49.87402	1659.258
115.3	50.04376	1660.563
115.4	50.18007	1661.854
115.5	50.2801	1663.132
115.6	50.34129	1664.401
115.7	50.36162	1665.664
115.8	50.3401	1666.922
115.9	50.27707	1668.179
116	50.17413	1669.44
116.1	50.03366	1670.706
116.2	49.85824	1671.981
116.3	49.65038	1673.268
116.4	49.41251	1674.571
116.5	49.14714	1675.892
116.6	48.85691	1677.235
116.7	48.54463	1678.603
116.8	48.21304	1679.996
116.9	47.86494	1681.417
117	47.50337	1682.869
117.1	47.13163	1684.351
117.2	46.7532	1685.865
117.3	46.37152	1687.413
117.4	45.98998	1688.994
117.5	45.6122	1690.607
117.6	45.24194	1692.254
117.7	44.88283	1693.934
117.8	44.53839	1695.644
117.9	44.21222	1697.385
118	43.90789	1699.154
118.1	43.62877	1700.949
118.2	43.37788	1702.769
118.3	43.15814	1704.609
118.4	42.97238	1706.468
118.5	42.8228	1708.342
118.6	42.71112	1710.228
118.7	42.63897	1712.121
118.8	42.60743	1714.016
118.9	42.61678	1715.912
119	42.66691	1717.804
119.1	42.75732	1719.689
119.2	42.88689	1721.561
119.3	43.05383	1723.418
119.4	43.25594	1725.255
119.5	43.49066	1727.07
119.6	43.75493	1728.859
119.7	44.04532	1730.62
119.8	44.35808	1732.35
119.9	44.68929	1734.049
120	45.03492	1735.714
120.1	45.39085	1737.345
120.2	45.75282	1738.942
120.3	46.11663	1740.504
120.4	46.47828	1742.031
120.5	46.83388	1743.525
120.6	47.17964	1744.985
120.7	47.51183	1746.414
120.8	47.82692	1747.813
120.9	48.12159	1749.184
121	48.39258	1750.529
121.1	48.63659	1751.851
121.2	48.85021	1753.151
121.3	49.03004	1754.434
121.4	49.17261	1755.701
121.5	49.27453	1756.956
121.6	49.33274	1758.203
121.7	49.34506	1759.443
121.8	49.31074	1760.679
121.9	49.23064	1761.915
122	49.10691	1763.155
122.1	48.9426	1764.401
122.2	48.74101	1765.657
122.3	48.50515	1766.927
122.4	48.23771	1768.215
122.5	47.94127	1769.524
122.6	47.61856	1770.858
122.7	47.27247	1772.218
122.8	46.90584	1773.607
122.9	46.52177	1775.027
123	46.12363	1776.479
123.1	45.71509	1777.966
123.2	45.29986	1779.488
123.3	44.88158	1781.046
123.4	44.46406	1782.641
123.5	44.05134	1784.271
123.6	43.64748	1785.938
123.7	43.25643	1787.64
123.8	42.88208	1789.376
123.9	42.52851	1791.144
124	42.1997	1792.944
124.1	41.89919	1794.772
124.2	41.63047	1796.626
124.3	41.39699	1798.502
124.4	41.2017	1800.398
124.5	41.04691	1802.31
124.6	40.93476	1804.234
124.7	40.867	1806.165
124.8	40.84449	1808.097
124.9	40.86747	1810.029
125	40.93592	1811.956
125.1	41.04904	1813.873
125.2	41.20527	1815.776
125.3	41.40253	1817.659
125.4	41.63832	1819.521
125.5	41.90947	1821.355
125.6	42.21234	1823.161
125.7	42.54296	1824.934
125.8	42.89706	1826.674
125.9	43.27024	1828.377
126	43.65789	1830.043
126.1	44.05527	1831.672
126.2	44.45769	1833.261
126.3	44.86066	1834.813
126.4	45.25978	1836.326
126.5	45.65069	1837.803
126.6	46.02918	1839.245
126.7	46.39138	1840.652
126.8	46.73363	1842.027
126.9	47.05238	1843.372
127	47.34403	1844.69
127.1	47.60495	1845.983
127.2	47.83134	1847.253
127.3	48.01924	1848.506
127.4	48.16446	1849.744
127.5	48.26293	1850.969
127.6	48.31143	1852.187
127.7	48.30793	1853.399
127.8	48.25187	1854.609
127.9	48.14433	1855.819
128	47.98814	1857.033
128.1	47.78746	1858.254
128.2	47.54691	1859.488
128.3	47.27027	1860.739
128.4	46.95996	1862.011
128.5	46.61802	1863.307
128.6	46.24686	1864.63
128.7	45.84936	1865.983
128.8	45.42886	1867.368
128.9	44.98916	1868.788
129	44.53439	1870.246
129.1	44.06861	1871.742
129.2	43.5958	1873.278
129.3	43.12012	1874.854
129.4	42.6461	1876.471
129.5	42.17838	1878.129
129.6	41.72142	1879.828
129.7	41.27979	1881.566
129.8	40.8583	1883.343
129.9	40.4616	1885.156
130	40.09401	1887.004
130.1	39.7599	1888.884
130.2	39.46358	1890.793
130.3	39.2088	1892.727
130.4	38.9987	1894.683
130.5	38.83647	1896.655
130.6	38.72462	1898.639
130.7	38.66467	1900.631
130.8	38.65768	1902.624
130.9	38.7042	1904.615
131	38.8037	1906.597
131.1	38.95484	1908.565
131.2	39.15578	1910.514
131.3	39.40385	1912.44
131.4	39.69557	1914.337
131.5	40.02692	1916.202
131.6	40.39344	1918.032
131.7	40.79029	1919.823
131.8	41.2122	1921.573
131.9	41.6537	1923.28
132	42.10926	1924.944
132.1	42.57348	1926.564
132.2	43.04094	1928.14
132.3	43.50623	1929.672
132.4	43.96423	1931.161
132.5	44.41024	1932.609
132.6	44.8398	1934.017
132.7	45.24861	1935.387
132.8	45.63252	1936.722
132.9	45.98761	1938.025
133	46.31008	1939.297
133.1	46.59579	1940.544
133.2	46.84025	1941.768
133.3	47.03849	1942.974
133.4	47.18537	1944.164
133.5	47.27585	1945.345
133.6	47.30527	1946.517
133.7	47.26965	1947.687
133.8	47.167	1948.852
133.9	46.99966	1950.021
134	46.7752	1951.194
134.1	46.50328	1952.378
134.2	46.18916	1953.58
134.3	45.8324	1954.801
134.4	45.43307	1956.047
134.5	44.99363	1957.321
134.6	44.51811	1958.627
134.7	44.01129	1959.97
134.8	43.47789	1961.353
134.9	42.92225	1962.779
135	42.34851	1964.25
135.1	41.76133	1965.767
135.2	41.16606	1967.332
135.3	40.56828	1968.947
135.4	39.97339	1970.612
135.5	39.38714	1972.326
135.6	38.81563	1974.091
135.7	38.2649	1975.905
135.8	37.74079	1977.767
135.9	37.24959	1979.674
136	36.79753	1981.623
136.1	36.39021	1983.613
136.2	36.03318	1985.637
136.3	35.732	1987.693
136.4	35.49114	1989.774
136.5	35.31437	1991.875
136.6	35.20524	1993.988
136.7	35.16592	1996.108
136.8	35.19732	1998.228
136.9	35.29984	2000.338
137	35.47249	2002.433
137.1	35.71276	2004.506
137.2	36.01749	2006.549
137.3	36.38234	2008.556
137.4	36.80188	2010.522
137.5	37.26994	2012.442
137.6	37.77979	2014.311
137.7	38.32435	2016.127
137.8	38.89604	2017.888
137.9	39.48712	2019.592
138	40.0901	2021.238
138.1	40.69782	2022.828
138.2	41.30309	2024.362
138.3	41.89901	2025.841
138.4	42.47937	2027.267
138.5	43.03868	2028.644
138.6	43.57166	2029.973
138.7	44.07331	2031.258
138.8	44.53911	2032.503
138.9	44.96489	2033.71
139	45.34642	2034.885
139.1	45.67872	2036.031
139.2	45.95572	2037.154
139.3	46.1703	2038.261
139.4	46.31377	2039.356
139.5	46.37545	2040.446
139.6	46.34882	2041.531
139.7	46.23267	2042.614
139.8	46.02748	2043.692
139.9	45.73494	2044.766
140	45.3642	2045.843
140.1	44.9377	2046.936
140.2	44.45984	2048.051
140.3	43.92127	2049.187
140.4	43.31853	2050.346
140.5	42.65315	2051.532
140.6	41.9294	2052.752
140.7	41.15265	2054.013
140.8	40.32841	2055.32
140.9	39.4616	2056.679
141	38.55709	2058.093
141.1	37.6208	2059.565
141.2	36.65984	2061.1
141.3	35.68154	2062.704
141.4	34.69358	2064.377
141.5	33.70474	2066.123
141.6	32.72426	2067.945
141.7	31.76164	2069.844
141.8	30.82786	2071.821
141.9	29.93426	2073.876
142	29.09227	2076.007
142.1	28.31478	2078.213
142.2	27.61411	2080.489
142.3	27.00261	2082.829
142.4	26.49317	2085.226
142.5	26.09644	2087.67
142.6	25.82303	2090.15
142.7	25.68131	2092.653
142.8	25.67669	2095.161
142.9	25.81309	2097.664
143	26.08994	2100.141
143.1	26.50402	2102.577
143.2	27.04884	2104.956
143.3	27.71423	2107.262
143.4	28.48792	2109.485
143.5	29.35537	2111.613
143.6	30.3001	2113.639
143.7	31.30507	2115.56
143.8	32.35355	2117.372
143.9	33.42844	2119.078
144	34.51374	2120.679
144.1	35.59544	2122.179
144.2	36.66019	2123.585
144.3	37.69579	2124.903
144.4	38.69239	2126.14
144.5	39.6418	2127.303
144.6	40.53637	2128.399
144.7	41.36963	2129.435
144.8	42.13654	2130.418
144.9	42.8332	2131.354
145	43.4565	2132.249
145.1	44.00362	2133.107
145.2	44.47203	2133.936
145.3	44.85883	2134.741
145.4	45.15865	2135.532
145.5	45.36445	2136.32
145.6	45.47446	2137.104
145.7	45.48817	2137.885
145.8	45.40573	2138.666
145.9	45.22823	2139.437
146	44.95761	2140.206
146.1	44.59661	2140.97
146.2	44.14827	2141.726
146.3	43.61581	2142.472
146.4	43.00245	2143.215
146.5	42.3112	2143.948
146.6	41.54293	2144.672
146.7	40.70627	2145.403
146.8	39.81273	2146.168
146.9	38.83755	2146.925
147	37.77127	2147.663
147.1	36.6124	2148.398
147.2	35.3632	2149.139
147.3	34.02694	2149.907
147.4	32.60622	2150.708
147.5	31.10345	2151.546
147.6	29.52106	2152.426
147.7	27.86177	2153.352
147.8	26.12881	2154.33
147.9	24.32591	2155.365
148	22.45739	2156.464
148.1	20.52846	2157.636
148.2	18.5453	2158.889
148.3	16.51528	2160.232
148.4	14.44759	2161.676
148.5	12.35306	2163.233
148.6	10.24553	2164.917
148.7	8.141478	2166.742
148.8	6.061893	2168.723
148.9	4.03204	2170.875
149	2.08384	2173.212
149.1	0.2550178	2175.748
149.2	-1.407596	2178.489
149.3	-2.851388	2181.437
149.4	-4.01442	2184.581
149.5	-4.833553	2187.893
149.6	-5.244161	2191.329
149.7	-5.192029	2194.823
149.8	-4.642066	2198.281
149.9	-3.585557	2201.607
150	-2.049527	2204.693
150.1	-0.0910649	2207.443
150.2	2.20374	2209.784
150.3	4.733558	2211.672
150.4	7.391185	2213.095
150.5	10.0787	2214.074
150.6	12.71401	2214.656
150.7	15.23847	2214.894
150.8	17.61359	2214.855
150.9	19.81984	2214.595
151	21.85125	2214.171
151.1	23.71008	2213.624
151.2	25.40573	2212.993
151.3	26.94891	2212.307
151.4	28.35201	2211.587
151.5	29.6282	2210.853
151.6	30.78804	2210.118
151.7	31.84209	2209.389
151.8	32.79923	2208.674
151.9	33.66485	2207.976
152	34.443	2207.298
152.1	35.13704	2206.639
152.2	35.74964	2205.999
152.3	36.28267	2205.379
152.4	36.73752	2204.776
152.5	37.11548	2204.188
152.6	37.41806	2203.615
152.7	37.64681	2203.056
152.8	37.80306	2202.51
152.9	37.88782	2201.974
153	37.9019	2201.443
153.1	37.84593	2200.923
153.2	37.72028	2200.404
153.3	37.52481	2199.886
153.4	37.25892	2199.368
153.5	36.92167	2198.851
153.6	36.51196	2198.335
153.7	36.02862	2197.814
153.8	35.47065	2197.285
153.9	34.83703	2196.756
154	34.12667	2196.219
154.1	33.33839	2195.677
154.2	32.47147	2195.134
154.3	31.52547	2194.579
154.4	30.49986	2194.024
154.5	29.39403	2193.465
154.6	28.20775	2192.897
154.7	26.94091	2192.328
154.8	25.5932	2191.76
154.9	24.1646	2191.191
155	22.65511	2190.622
155.1	21.0647	2190.052
155.2	19.39354	2189.482
155.3	17.64177	2188.913
155.4	15.80946	2188.349
155.5	13.89671	2187.791
155.6	11.90367	2187.242
155.7	9.830376	2186.702
155.8	7.676918	2186.175
155.9	5.443258	2185.662
156	3.129395	2185.169
156.1	0.7351441	2184.698
156.2	-1.739612	2184.253
156.3	-4.295228	2183.841
156.4	-6.931936	2183.467
156.5	-9.650223	2183.137
156.6	-12.45038	2182.862
156.7	-15.33279	2182.649
156.8	-18.29762	2182.514
156.9	-21.34454	2182.469
157	-24.47277	2182.534
157.1	-27.67999	2182.732
157.2	-30.96194	2183.091
