Time	Aircraft Simulation Net Global Moment X	Aircraft Simulation Net Global Force Y
0.1	-0.1807939	42.49865
0.2	-0.4274793	42.17955
0.3	-0.4623153	42.13448
0.4	-0.4715191	42.12257
0.5	-0.4763594	42.11631
0.6	-0.478729	42.11324
0.7	-0.4790934	42.11277
0.8	-0.4805471	42.11089
0.9	-0.4812842	42.10994
1	-0.4806607	42.11074
1.1	-0.4816674	42.10944
1.2	-0.4821088	42.10887
1.3	-0.4812295	42.11
1.4	-0.4820899	42.10889
1.5	-0.4824644	42.10841
1.6	-0.4812807	42.10994
1.7	-0.4820031	42.109
1.8	-0.4824286	42.10845
1.9	-0.4816076	42.10952
2	-0.4818993	42.10914
2.1	-0.482389	42.10851
2.2	-0.4822719	42.10866
2.3	-0.4817762	42.10929
2.4	-0.4823438	42.10857
2.5	-0.4822366	42.10871
2.6	-0.4816342	42.10948
2.7	-0.4822942	42.10863
2.8	-0.4821979	42.10876
2.9	-0.4814768	42.10968
3	-0.4822389	42.1087
3.1	-0.4821582	42.10881
3.2	-0.4813283	42.10987
3.3	-0.482176	42.10878
3.4	-0.4821156	42.10886
3.5	-0.4812345	42.11
3.6	-0.4821015	42.10888
3.7	-0.4824696	42.1084
3.8	-0.4812617	42.10996
3.9	-0.4820165	42.10898
4	-0.4824338	42.10845
4.1	-0.4815319	42.10962
4.2	-0.4819157	42.10912
4.3	-0.4823948	42.1085
4.4	-0.4767737	42.11578
4.5	-0.481795	42.10927
4.6	-0.4823509	42.10856
4.7	-0.4822413	42.1087
4.8	-0.4816558	42.10945
4.9	-0.4823023	42.10862
5	-0.4822036	42.10875
5.1	-0.4814994	42.10965
5.2	-0.4822476	42.10868
5.3	-0.4821643	42.1088
5.4	-0.4813472	42.10985
5.5	-0.4821844	42.10877
5.6	-0.4821219	42.10885
5.7	-0.4812419	42.10999
5.8	-0.4821139	42.10885
5.9	-0.4820755	42.10891
6	-0.4812485	42.10999
6.1	-0.4820288	42.10897
6.2	-0.4824395	42.10844
6.3	-0.4814676	42.1097
6.4	-0.4819304	42.1091
6.5	-0.4824015	42.10849
6.6	-0.4822613	42.10867
6.7	-0.4818136	42.10925
6.8	-0.4823575	42.10855
6.9	-0.4822466	42.10869
7	-0.481676	42.10942
7.1	-0.4823094	42.1086
7.2	-0.4822092	42.10874
7.3	-0.4815226	42.10962
7.4	-0.4822556	42.10868
7.5	-0.4821706	42.10879
7.6	-0.4813665	42.10983
7.7	-0.4821945	42.10876
7.8	-0.4821286	42.10884
7.9	-0.4812517	42.10997
8	-0.4821249	42.10884
8.1	-0.4820826	42.10891
8.2	-0.4812385	42.10999
8.3	-0.4820423	42.10895
8.4	-0.4824448	42.10844
8.5	-0.4814154	42.10977
8.6	-0.4819462	42.10908
8.7	-0.4824053	42.10848
8.8	-0.4821523	42.10882
8.9	-0.4818309	42.10923
9	-0.4823647	42.10854
9.1	-0.4822513	42.10869
9.2	-0.4816971	42.10939
9.3	-0.4823171	42.1086
9.4	-0.4822145	42.10873
9.5	-0.4815447	42.10959
9.6	-0.4822637	42.10867
9.7	-0.4821764	42.10878
9.8	-0.4813883	42.1098
9.9	-0.4822036	42.10874
10	-0.4821348	42.10884
10.1	-0.4812645	42.10995
10.2	-0.4821354	42.10883
10.3	-0.4820898	42.10889
10.4	-0.4812311	42.11
10.5	-0.4820542	42.10894
10.6	-0.4824501	42.10843
10.7	-0.4813713	42.10982
10.8	-0.481961	42.10906
10.9	-0.482412	42.10847
11	-0.6443247	37.11607
11.1	-0.5483679	36.62912
11.2	-0.5288235	36.65441
11.3	-0.5256146	36.65857
11.4	-0.5097589	36.67908
11.5	-0.5063499	36.6835
11.6	-0.5055594	36.68452
11.7	-0.5046469	36.68571
11.8	-0.505196	36.68499
11.9	-0.5050389	36.6852
12	-0.5042374	36.68623
12.1	-0.5049607	36.6853
12.2	-0.5048766	36.68541
12.3	-0.5309534	35.63279
12.4	-0.5497074	34.79316
12.5	-0.6271303	32.34762
12.6	-0.6198599	31.54087
12.7	-0.6587132	27.91758
12.8	-0.7438402	24.84418
12.9	-0.8878264	18.11081
13	-0.6756308	16.64539
13.1	-0.7039731	14.45788
13.2	-0.7796679	11.79828
13.3	-0.7015319	8.004392
13.4	-0.82406	2.20466
13.5	-0.9759464	-4.148404
13.6	-0.6965368	-6.350902
13.7	-0.7921536	-9.963303
13.8	-0.9665215	-13.67717
13.9	-1.450704	-19.94414
14	-1.730236	-24.3011
14.1	-1.990768	-29.44555
14.2	-2.582318	-36.3322
14.3	-3.004061	-41.65206
14.4	-3.184415	-44.91871
14.5	-3.630008	-50.61858
14.6	-4.122326	-56.71136
14.7	-4.556575	-64.23844
14.8	-4.906003	-67.87508
14.9	-5.578514	-73.76674
15	-6.02798	-79.19531
15.1	-6.531602	-83.81155
15.2	-8.098007	-90.88602
15.3	-8.987128	-91.42572
15.4	-10.23413	-88.72908
15.5	-10.89055	-86.06281
15.6	-12.62923	-76.50306
15.7	-13.70953	-67.82941
15.8	-14.53268	-61.37992
15.9	-14.76794	-57.98016
16	-14.74916	-55.71729
16.1	-14.95244	-54.91618
16.2	-14.89215	-53.50197
16.3	-14.90717	-53.52163
16.4	-14.96042	-53.59132
16.5	-14.9857	-53.62438
16.6	-14.9899	-53.62987
16.7	-14.99314	-53.63412
16.8	-14.9919	-53.6325
16.9	-14.99251	-53.63329
17	-15.01777	-53.82697
17.1	-15.11125	-55.0744
17.2	-14.45192	-63.26334
17.3	-13.73108	-67.86205
17.4	-13.02259	-72.61427
17.5	-12.23793	-77.03735
17.6	-11.49181	-80.90275
17.7	-10.60553	-86.10216
17.8	-9.791459	-89.1602
17.9	-9.229992	-90.53448
18	-8.811262	-91.51102
18.1	-8.37182	-91.32208
18.2	-7.703884	-89.35972
18.3	-6.94009	-84.08435
18.4	-6.516124	-79.28423
18.5	-5.896093	-69.80447
18.6	-4.973114	-58.99334
18.7	-4.415425	-50.93937
18.8	-4.048975	-43.92101
18.9	-3.259203	-34.76768
19	-2.533359	-26.368
19.1	-2.034618	-17.01282
19.2	-1.303451	-7.446603
19.3	-0.6687746	-2.210675
19.4	-0.5528462	0.5047348
19.5	-0.4250348	5.491708
19.6	-0.3516742	9.483289
19.7	-0.1449642	17.12833
19.8	-0.02433163	22.91328
19.9	-0.2841915	27.89191
20	-0.26513	30.46937
20.1	-0.1899598	33.11758
20.2	-0.324098	36.71564
20.3	-0.2093571	41.64822
20.4	-0.06275451	46.10573
20.5	-0.2062699	49.87667
20.6	-0.09518635	55.18358
20.7	-0.00562644	57.82563
20.8	-0.04912376	62.91297
20.9	-0.1087337	64.44666
21	-0.08889568	65.27703
21.1	-0.04111671	69.65755
21.2	-0.07215285	71.62225
21.3	0.1147759	76.16415
21.4	0.113641	78.25814
21.5	0.07772064	80.70195
21.6	0.1857204	83.32607
21.7	0.1910665	84.52377
21.8	0.10919	85.80589
21.9	0.1235025	86.61643
22	0.1124139	86.60215
22.1	0.2106569	89.29861
22.2	0.2746105	91.0575
22.3	0.4154828	93.89479
22.4	0.4180787	97.13194
22.5	0.4122505	97.51546
22.6	0.6695538	102.3252
22.7	0.9025726	109.6521
22.8	1.421282	118.6911
22.9	1.556921	120.7049
23	1.368055	123.0944
23.1	1.418593	125.8277
23.2	1.683559	129.4488
23.3	1.66718	131.1835
23.4	1.715237	132.8712
23.5	1.989367	135.8633
23.6	2.193468	138.712
23.7	2.344341	140.607
23.8	2.618674	142.6528
23.9	2.749466	143.8889
24	2.836624	144.9141
24.1	3.062491	145.939
24.2	3.424768	147.1675
24.3	3.514304	147.3989
24.4	3.827449	147.7436
24.5	3.992653	147.7839
24.6	4.243392	147.5547
24.7	4.443315	147.3436
24.8	4.906868	146.2455
24.9	5.280518	145.0647
25	5.399588	144.8545
25.1	5.621317	143.9609
25.2	5.954877	142.363
25.3	6.23313	141.1954
25.4	6.403163	140.3204
25.5	7.132973	135.9387
25.6	7.926754	130.8264
25.7	8.383072	127.2966
25.8	8.805578	125.2442
25.9	10.17527	115.5205
26	10.51456	112.872
26.1	10.63861	113.0274
26.2	11.06705	112.6156
26.3	11.67416	107.4691
26.4	12.22156	102.5929
26.5	12.89945	98.73717
26.6	13.17939	96.49136
26.7	13.49872	93.55098
26.8	14.12271	89.98855
26.9	14.30236	88.71313
27	14.73883	84.03262
27.1	15.04936	82.50258
27.2	15.20928	80.89244
27.3	15.36719	78.43683
27.4	15.39938	78.47244
27.5	15.45467	77.49825
27.6	15.47485	77.01906
27.7	15.49854	76.07191
27.8	15.49468	72.00299
27.9	15.25571	68.2121
28	14.53311	64.44321
28.1	13.54589	61.51398
28.2	13.33507	60.96821
28.3	11.89715	57.72649
28.4	11.64952	57.41434
28.5	11.61888	57.37575
28.6	10.32069	55.03065
28.7	9.780495	54.19509
28.8	9.584483	53.90229
28.9	9.114548	53.22903
29	8.726864	52.71288
29.1	8.24108	52.11243
29.2	7.876399	51.70449
29.3	7.618072	51.44044
29.4	7.440291	51.27365
29.5	7.225439	51.0924
29.6	6.890685	50.86634
29.7	6.807384	50.82216
29.8	6.693076	50.77399
29.9	6.49719	50.73416
30	6.497003	50.73399
30.1	6.438436	50.73334
30.2	6.441531	50.73713
30.3	6.441182	50.73672
30.4	6.44079	50.73625
30.5	6.44329	50.73931
30.6	6.441497	50.7371
30.7	6.441105	50.73665
30.8	6.443276	50.73931
30.9	6.441639	50.73728
31	6.441146	50.73669
31.1	6.442397	50.73824
31.2	6.441802	50.73747
31.3	6.44118	50.73674
31.4	6.440822	50.73631
31.5	6.442013	50.73772
31.6	6.441223	50.73678
31.7	6.440832	50.73631
31.8	6.442282	50.73805
31.9	6.441277	50.73685
32	6.440838	50.73632
