Time	Aircraft Simulation True Pitch Moment	Aircraft Simulation Net Global Force Y
0.1	1.109751	42.38425
0.2	0.8392408	42.02035
0.3	0.8017701	41.96597
0.4	0.796652	41.95987
0.5	0.7932756	41.95744
0.6	0.790987	41.95135
0.7	0.7906619	41.95143
0.8	0.7891509	41.95152
0.9	0.7883851	41.94825
1	0.7890455	41.94894
1.1	0.7879949	41.94965
1.2	0.7875323	41.94756
1.3	0.7884432	41.94781
1.4	0.7875577	41.9488
1.5	0.7871634	41.94757
1.6	0.7883655	41.94739
1.7	0.787654	41.9487
1.8	0.787203	41.94811
1.9	0.7879536	41.94654
2	0.7877648	41.94863
2.1	0.787245	41.94862
2.2	0.787365	41.94576
2.3	0.7878947	41.94866
2.4	0.7872922	41.94907
2.5	0.7874037	41.94557
2.6	0.7880464	41.94871
2.7	0.7873447	41.94944
2.8	0.7874424	41.94543
2.9	0.78821	41.94883
3	0.787404	41.94975
3.1	0.7874846	41.94539
3.2	0.7883605	41.94891
3.3	0.787471	41.94996
3.4	0.7875304	41.94541
3.5	0.7884434	41.9489
3.6	0.7875485	41.95008
3.7	0.78716	41.94498
3.8	0.7883903	41.94872
3.9	0.7876396	41.95013
4	0.7871981	41.9452
4.1	0.7880511	41.94813
4.2	0.7877476	41.95014
4.3	0.7872382	41.94553
4.4	0.7873604	41.94733
4.5	0.7878753	41.95011
4.6	0.7872857	41.94596
4.7	0.7873977	41.94724
4.8	0.7880229	41.95004
4.9	0.7873373	41.94646
5	0.7874375	41.94708
5.1	0.7881866	41.94998
5.2	0.7873942	41.947
5.3	0.7874787	41.9469
5.4	0.7883403	41.94991
5.5	0.7874606	41.94761
5.6	0.7875229	41.9467
5.7	0.7884377	41.94976
5.8	0.7875369	41.94821
5.9	0.7871546	41.94589
6	0.788409	41.94947
6.1	0.7876252	41.94881
6.2	0.7871917	41.94567
6.3	0.7881298	41.94889
6.4	0.7877305	41.94936
6.5	0.7872328	41.94545
6.6	0.7930731	41.94797
6.7	0.7878553	41.94989
6.8	0.7872783	41.94529
6.9	0.7873918	41.94793
7	0.7880004	41.95036
7.1	0.7873288	41.94519
7.2	0.7874315	41.94788
7.3	0.7881625	41.95074
7.4	0.7873853	41.94518
7.5	0.7874723	41.94784
7.6	0.7883216	41.95103
7.7	0.7874511	41.94528
7.8	0.7875164	41.94784
7.9	0.7884305	41.95114
8	0.7875245	41.94548
8.1	0.7875645	41.94723
8.2	0.7884238	41.95099
8.3	0.7876129	41.94581
8.4	0.7871858	41.94717
8.5	0.7881951	41.95049
8.6	0.7877147	41.94625
8.7	0.7872258	41.94708
8.8	0.7873709	41.95813
8.9	0.7878359	41.94679
9	0.7872708	41.94696
9.1	0.7873863	41.94921
9.2	0.7879789	41.94742
9.3	0.7873214	41.94682
9.4	0.7874255	41.94901
9.5	0.7881388	41.94811
9.6	0.7873774	41.94664
9.7	0.7874657	41.9488
9.8	0.7883011	41.94881
9.9	0.7874408	41.94643
10	0.7875094	41.94863
10.1	0.7884197	41.94944
10.2	0.7875137	41.94624
10.3	0.7875571	41.94849
10.4	0.788435	41.94988
10.5	0.7875994	41.94608
10.6	0.7871807	41.94781
10.7	0.7882504	41.95003
10.8	0.7876986	41.94595
10.9	0.7872219	41.94771
11	0.7874843	41.94944
11.1	0.7878185	41.94589
11.2	0.787264	41.94767
11.3	0.7873818	41.94971
11.4	0.7879575	41.94594
11.5	0.7873134	41.94765
11.6	0.7874201	41.94992
11.7	0.7881159	41.94608
11.8	0.7873688	41.94765
11.9	0.7874598	41.95004
12	0.7882783	41.94633
12.1	0.7874314	41.94765
12.2	0.7875034	41.95004
12.3	0.788407	41.9466
12.4	0.7875017	41.94764
12.5	0.7875501	41.95
12.6	0.7884417	41.94687
12.7	0.7875866	41.94762
12.8	0.7871754	41.9493
12.9	0.7882966	41.94699
13	0.7876834	41.94759
13.1	0.7872144	41.94911
13.2	0.7876774	41.94653
13.3	0.7877991	41.94753
13.4	0.7872575	41.9489
13.5	0.7873747	41.94688
13.6	0.7879356	41.94749
13.7	0.7873065	41.94872
13.8	0.7874137	41.94744
13.9	0.7880925	41.94741
14	0.7873605	41.94854
14.1	0.7874544	41.948
14.2	0.7882563	41.94734
14.3	0.7874214	41.94839
14.4	0.7874981	41.94856
14.5	0.7883934	41.94722
14.6	0.7874913	41.94829
14.7	0.7875432	41.94907
14.8	0.7884454	41.94698
14.9	0.787573	41.94825
15	0.7871703	41.94893
15.1	0.7883339	41.94656
15.2	0.7876679	41.94823
15.3	0.7872089	41.9493
15.4	0.7878327	41.94566
15.5	0.7877818	41.94828
15.6	0.7872517	41.94956
15.7	0.7873709	41.94522
15.8	0.7879166	41.94836
15.9	0.7872997	41.94975
16	0.7874091	41.94526
16.1	0.7880698	41.94849
16.2	0.7873526	41.94984
16.3	0.7874494	41.9454
16.4	0.7882346	41.94859
16.5	0.787413	41.94986
16.6	0.787491	41.94563
16.7	0.7883776	41.94867
16.8	0.7874804	41.9498
16.9	0.7875372	41.94597
17	0.7884458	41.94858
17.1	0.7875608	41.94969
17.2	0.7871649	41.94584
17.3	0.788365	41.94828
17.4	0.787654	41.94957
17.5	0.787203	41.94631
17.6	0.787954	41.94749
17.7	0.7877648	41.94946
17.8	0.7872451	41.94685
17.9	0.7873648	41.94673
18	0.7878946	41.94936
18.1	0.7872922	41.94742
18.2	0.7874038	41.94652
18.3	0.7880464	41.94931
18.4	0.7873456	41.94799
18.5	0.787443	41.94629
18.6	0.78821	41.9493
18.7	0.7874041	41.94854
18.8	0.7874851	41.94607
18.9	0.7883599	41.94929
19	0.7874705	41.94906
19.1	0.7875292	41.94587
19.2	0.788443	41.94923
19.3	0.7875484	41.94952
19.4	0.7871598	41.94513
19.5	0.7883903	41.94901
19.6	0.787639	41.94992
19.7	0.7871972	41.94503
19.8	0.7880512	41.94843
19.9	0.7877474	41.95025
20	0.7872388	41.94499
20.1	0.7873604	41.94769
20.2	0.7878754	41.95049
20.3	0.7872853	41.94507
20.4	0.7873976	41.94767
20.5	0.7880229	41.95066
20.6	0.7873368	41.94526
20.7	0.7874374	41.94764
20.8	0.7881864	41.95076
20.9	0.7873942	41.94555
21	0.7874786	41.94757
21.1	0.7883403	41.95078
21.2	0.78746	41.94594
21.3	0.7875229	41.94749
21.4	0.7884383	41.95066
21.5	0.7875369	41.94644
21.6	0.7871546	41.94679
21.7	0.788409	41.95033
21.8	0.7876252	41.94702
21.9	0.7871922	41.94663
22	0.7881299	41.94968
22.1	0.7877305	41.94764
22.2	0.7872328	41.94643
22.3	0.7930735	41.94865
22.4	0.7878553	41.9483
22.5	0.7872774	41.94622
22.6	0.7873917	41.94847
22.7	0.7880005	41.94899
22.8	0.7873293	41.94602
22.9	0.7874314	41.94832
23	0.7881624	41.94965
23.1	0.7873858	41.9458
23.2	0.7874722	41.9482
23.3	0.7883211	41.95024
23.4	0.7874511	41.94563
23.5	0.7875164	41.94814
23.6	0.7884309	41.95069
23.7	0.7875244	41.94552
23.8	0.7875645	41.94752
23.9	0.7884238	41.95089
24	0.787613	41.94549
24.1	0.7871862	41.94748
24.2	0.7881956	41.9507
24.3	0.7877147	41.94559
24.4	0.7872257	41.94746
24.5	0.7873715	41.95862
24.6	0.787836	41.94579
24.7	0.7872713	41.94744
24.8	0.7873867	41.9499
24.9	0.1047648	30.78177
25	-0.3608189	22.89865
25.1	-0.4615181	21.14918
25.2	-0.2187004	18.73174
25.3	-0.1271133	17.67586
25.4	-0.4147334	11.79341
25.5	-0.4238098	8.733465
25.6	-0.478694	6.287405
25.7	-0.8078948	-0.9151946
25.8	-0.7012258	-1.385936
25.9	-0.5001286	-1.117545
26	-0.5128056	-1.741416
26.1	-0.5685508	-3.037147
26.2	-0.6450682	-4.971544
26.3	-0.966034	-9.253819
26.4	-1.110115	-11.01851
26.5	-1.317671	-13.36008
26.6	-1.776485	-17.97852
26.7	-2.042163	-22.27168
26.8	-2.393969	-23.62819
26.9	-2.713933	-27.09159
27	-3.164135	-32.67691
27.1	-3.440691	-33.73745
27.2	-3.552019	-34.47018
27.3	-3.638473	-35.46365
27.4	-3.742657	-36.19196
27.5	-3.88699	-37.2026
27.6	-4.004118	-39.16779
27.7	-4.1666	-40.55594
27.8	-4.497722	-44.19714
27.9	-4.658788	-46.15263
28	-4.970174	-49.17538
28.1	-5.312249	-52.21866
28.2	-5.455059	-53.84099
28.3	-5.700009	-56.26142
28.4	-5.974661	-58.03804
28.5	-6.177956	-60.28528
28.6	-6.499002	-63.78008
28.7	-6.938065	-67.09373
28.8	-7.320327	-71.07735
28.9	-7.611061	-74.04806
29	-8.271329	-78.84032
29.1	-8.578689	-81.3021
29.2	-8.767132	-82.84618
29.3	-9.011505	-83.79286
29.4	-9.668167	-88.12085
29.5	-9.875383	-89.28032
29.6	-10.32896	-91.19408
29.7	-10.45767	-91.58212
29.8	-10.46687	-91.59222
29.9	-10.47228	-91.60583
30	-11.57326	-93.7532
30.1	-12.60633	-92.36333
30.2	-13.05142	-90.60138
30.3	-13.16099	-89.98779
30.4	-13.34988	-89.16395
30.5	-13.87924	-86.23136
30.6	-14.52895	-81.90398
30.7	-14.83259	-79.75884
30.8	-15.51728	-74.74039
30.9	-15.9944	-69.6982
31	-16.20029	-67.53806
31.1	-16.28817	-66.51141
31.2	-16.49179	-64.6589
31.3	-16.59714	-63.06865
31.4	-16.63367	-62.05095
31.5	-16.71778	-60.99015
31.6	-16.73278	-60.47244
31.7	-16.61651	-58.36053
31.8	-16.474	-56.91159
31.9	-16.23119	-55.80387
32	-16.16465	-55.57121
32.1	-16.23325	-55.65323
32.2	-16.26812	-55.69354
32.3	-16.27283	-55.69926
32.4	-16.34606	-55.94289
32.5	-16.75534	-58.15314
32.6	-16.84325	-59.46767
32.7	-16.83138	-60.58975
32.8	-16.7258	-62.56212
32.9	-16.53996	-64.85871
33	-16.39202	-66.24229
33.1	-16.24243	-67.56321
33.2	-16.12557	-68.59677
33.3	-15.36816	-74.23973
33.4	-13.69611	-84.9726
33.5	-12.73602	-89.40458
33.6	-11.94084	-91.82345
33.7	-10.74319	-92.7198
33.8	-9.743546	-88.11646
33.9	-9.056369	-82.87931
34	-8.042156	-74.45518
34.1	-7.837008	-72.63689
34.2	-7.809824	-72.34001
34.3	-7.359317	-68.83248
34.4	-7.098528	-66.59163
34.5	-6.717219	-62.21811
34.6	-6.228119	-57.91212
34.7	-6.089818	-57.72836
34.8	-5.943909	-56.11142
34.9	-5.566752	-52.1764
35	-5.350356	-50.64468
35.1	-4.999627	-47.71618
35.2	-4.507477	-40.8134
35.3	-3.542544	-30.74895
35.4	-3.130292	-25.78744
35.5	-2.661926	-20.45606
35.6	-1.579898	-12.14306
35.7	-1.053728	-6.425293
35.8	-0.7935492	-1.811136
35.9	0.09156893	10.2307
36	0.6497327	19.2859
36.1	0.8853543	23.24151
36.2	0.5155793	25.48046
36.3	0.7479331	32.14215
36.4	0.9848542	36.38408
36.5	0.8893824	38.66977
36.6	0.9204785	41.22142
36.7	1.110213	44.48403
36.8	1.066296	45.62579
36.9	1.627939	55.96417
37	1.921617	60.53665
37.1	1.902753	62.59621
37.2	1.845607	65.79657
37.3	1.903965	67.06425
37.4	1.996319	68.96304
37.5	1.948826	70.09708
37.6	2.125277	72.79338
37.7	2.267356	75.04762
37.8	2.26288	77.11139
37.9	2.454023	80.01754
38	2.750461	83.92208
38.1	2.616594	84.93304
38.2	2.772702	87.49485
38.3	2.843	88.44953
38.4	2.88445	90.54967
38.5	3.384528	97.30975
38.6	3.618327	100.2165
38.7	3.558548	101.9635
38.8	3.936689	107.6069
38.9	4.016631	108.2392
39	4.0142	109.99
39.1	4.50888	116.6087
39.2	5.326526	125.3987
39.3	5.587784	129.9195
39.4	5.921347	135.5391
39.5	7.480229	145.026
39.6	7.355516	146.8548
39.7	7.782002	149.6699
39.8	8.370837	150.7129
39.9	8.422782	150.7108
40	8.751518	150.4329
40.1	8.973217	150.1211
40.2	9.657781	147.8231
40.3	10.10808	145.9979
40.4	10.47852	143.958
40.5	10.77322	141.8378
40.6	11.36417	138.1407
40.7	11.50236	137.8087
40.8	12.0408	132.3278
40.9	12.47429	130.2493
41	13.19396	123.4003
41.1	13.70185	117.2214
41.2	13.99986	117.6077
41.3	14.8676	109.7649
41.4	15.04834	107.9515
41.5	15.77894	100.3638
41.6	16.36254	96.22285
41.7	16.51316	94.65475
41.8	16.88432	90.73386
41.9	17.26267	89.162
42	17.50239	85.19903
42.1	17.60459	83.99784
42.2	17.71607	82.92693
42.3	17.78326	79.95343
42.4	17.78801	79.96187
42.5	17.76955	77.58875
42.6	17.68791	75.41068
42.7	17.65447	74.82491
42.8	17.47021	73.33827
42.9	17.32233	72.23015
43	17.09339	70.69592
43.1	16.72562	69.15971
43.2	16.46371	68.19093
43.3	16.03902	66.67323
43.4	15.88572	66.36766
43.5	15.81344	66.28165
43.6	15.31785	64.86382
43.7	15.2218	64.64711
43.8	13.86032	61.63953
43.9	13.68858	61.31112
44	13.38712	60.77835
44.1	13.04666	60.23197
44.2	12.20776	58.85466
44.3	11.35506	57.6437
44.4	10.86113	57.03459
44.5	10.32528	56.3811
44.6	9.823256	55.82817
44.7	9.524889	55.48948
44.8	9.36942	55.33752
44.9	8.871427	54.9441
45	8.697001	54.83482
45.1	8.659771	54.81229
45.2	8.326787	54.67428
45.3	8.274261	54.67472
45.4	8.190442	54.65812
45.5	8.112554	54.65362
45.6	7.998686	54.6727
45.7	7.877273	54.73011
45.8	7.767108	54.74981
45.9	7.741889	54.82912
46	7.729305	54.87578
46.1	7.720632	54.64922
46.2	7.728378	54.80886
46.3	7.728676	54.86297
46.4	7.728794	54.86592
46.5	7.728773	54.8192
46.6	7.733658	54.86991
46.7	7.734293	54.87152
46.8	7.735016	54.87658
46.9	7.731403	54.87899
47	7.730618	54.87149
47.1	7.730379	54.87426
47.2	7.73094	54.87591
47.3	7.730539	54.87359
47.4	7.730369	54.87282
