Time	Aircraft Simulation Net Global Moment X	Aircraft Simulation Net Global Force Y
0.1	2.352609	42.39199
0.2	2.061264	42.02702
0.3	2.021049	41.97587
0.4	2.010772	41.96371
0.5	2.006212	41.95583
0.6	2.002765	41.95236
0.7	2.00269	41.95279
0.8	2.001611	41.94954
0.9	1.999893	41.94895
1	2.001191	41.95039
1.1	2.000277	41.94777
1.2	1.998972	41.94806
1.3	2.000737	41.94932
1.4	1.999642	41.94709
1.5	1.998634	41.94779
1.6	2.000759	41.9489
1.7	1.999538	41.94728
1.8	1.998782	41.94803
1.9	2.00029	41.94801
2	1.999468	41.94759
2.1	1.998995	41.94817
2.2	1.999779	41.94723
2.3	1.999465	41.94801
2.4	1.99924	41.9482
2.5	1.999717	41.94706
2.6	1.999553	41.94849
2.7	1.999493	41.94812
2.8	1.999595	41.947
2.9	1.999725	41.94896
3	1.999723	41.94795
3.1	1.999439	41.94706
3.2	1.999952	41.94935
3.3	1.999901	41.94774
3.4	1.999286	41.94726
3.5	2.000161	41.94956
3.6	2.00001	41.94754
3.7	1.998737	41.94696
3.8	2.000262	41.94949
3.9	2.000048	41.9474
4	1.998668	41.94728
4.1	2.000029	41.94892
4.2	2.000034	41.94738
4.3	1.998672	41.94763
4.4	1.999585	41.94807
4.5	1.999986	41.94749
4.6	1.998758	41.94794
4.7	1.999763	41.94786
4.8	1.999941	41.94773
4.9	1.998924	41.94819
5	1.999871	41.94759
5.1	1.999921	41.94811
5.2	1.999154	41.94835
5.3	1.999898	41.94737
5.4	1.999936	41.94854
5.5	1.999422	41.94841
5.6	1.999847	41.94722
5.7	1.999943	41.94891
5.8	1.999701	41.94836
5.9	1.999306	41.94659
6	1.99989	41.94913
6.1	1.999961	41.94823
6.2	1.999148	41.94665
6.3	1.999605	41.94895
6.4	2.000183	41.94807
6.5	1.998989	41.94682
6.6	1.999005	41.94831
6.7	2.000342	41.94793
6.8	1.998867	41.94711
6.9	1.999228	41.94839
7	2.000441	41.94785
7.1	1.99881	41.94745
7.2	1.99947	41.94835
7.3	2.00048	41.94789
7.4	1.998828	41.9478
7.5	1.999701	41.94821
7.6	2.000454	41.94801
7.7	1.998937	41.94815
7.8	1.999885	41.948
7.9	2.000352	41.94819
8	1.999125	41.94843
8.1	1.999578	41.94719
8.2	2.000134	41.94833
8.3	1.999385	41.94862
8.4	1.999604	41.94695
8.5	1.999693	41.94824
8.6	1.999695	41.94872
8.7	1.999547	41.9468
8.8	2.004481	41.95639
8.9	2.000024	41.94873
9	1.999431	41.94674
9.1	1.998821	41.94798
9.2	2.000341	41.94867
9.3	1.999288	41.9468
9.4	1.998939	41.94827
9.5	2.000617	41.94858
9.6	1.999145	41.94701
9.7	1.999119	41.94846
9.8	2.000814	41.94847
9.9	1.999042	41.94731
10	1.999352	41.94855
10.1	2.000871	41.94832
10.2	1.999008	41.94767
10.3	1.999603	41.94852
10.4	2.000728	41.94815
10.5	1.99906	41.94807
10.6	1.999405	41.94781
10.7	2.000304	41.94782
10.8	1.999204	41.94846
10.9	1.999587	41.94759
11	1.999219	41.94696
11.1	1.999441	41.9488
11.2	1.999704	41.94734
11.3	1.999045	41.94716
11.4	1.999758	41.94905
11.5	1.999741	41.94711
11.6	1.99894	41.94746
11.7	2.000123	41.94921
11.8	1.999702	41.94696
11.9	1.998902	41.9478
12	2.000491	41.94926
12.1	1.999605	41.94693
12.2	1.998943	41.94814
12.3	2.000783	41.94917
12.4	1.999485	41.94702
12.5	1.999069	41.94843
12.6	2.000903	41.94889
12.7	1.999374	41.94728
12.8	1.998827	41.94805
12.9	2.00074	41.94836
13	1.999307	41.94761
13.1	1.999055	41.94813
13.2	1.999864	41.94723
13.3	1.999318	41.94803
13.4	1.9993	41.9481
13.5	1.999618	41.94695
13.6	1.999422	41.94849
13.7	1.999536	41.94797
13.8	1.999474	41.94695
13.9	1.999627	41.94893
14	1.999737	41.94775
14.1	1.99931	41.94708
14.2	1.999907	41.94932
14.3	1.999871	41.94754
14.4	1.999166	41.94732
14.5	2.000208	41.94956
14.6	1.999933	41.94734
14.7	1.99907	41.94761
14.8	2.000441	41.94956
14.9	1.999922	41.94723
15	1.99861	41.94738
15.1	2.000483	41.94924
15.2	1.999866	41.94723
15.3	1.998649	41.94772
15.4	1.999992	41.9483
15.5	1.999786	41.94738
15.6	1.998766	41.948
15.7	1.999773	41.94767
15.8	1.999731	41.94767
15.9	1.998958	41.9482
16	1.999844	41.94742
16.1	1.999722	41.94809
16.2	1.9992	41.9483
16.3	1.99983	41.94722
16.4	1.999782	41.94855
16.5	1.999462	41.94829
16.6	1.999741	41.94711
16.7	1.99988	41.949
16.8	1.999721	41.94818
16.9	1.999605	41.94711
17	1.999974	41.94931
17.1	1.999952	41.94801
17.2	1.99902	41.94666
17.3	1.999964	41.94936
17.4	2.000123	41.94783
17.5	1.998872	41.94688
17.6	1.999597	41.94887
17.7	2.000228	41.94769
17.8	1.998768	41.94719
17.9	1.999297	41.94833
18	2.000274	41.94764
18.1	1.998741	41.94753
18.2	1.999534	41.94824
18.3	2.000274	41.9477
18.4	1.998793	41.94788
18.5	1.999742	41.94807
18.6	2.000246	41.94791
18.7	1.99893	41.94818
18.8	1.999895	41.94782
18.9	2.000194	41.9482
19	1.999138	41.94843
19.1	1.999973	41.94759
19.2	2.000095	41.94849
19.3	1.99941	41.94854
19.4	1.999536	41.94681
19.5	1.999894	41.94865
19.6	1.999709	41.94858
19.7	1.999446	41.9467
19.8	1.999417	41.94846
19.9	2.000012	41.94852
20	1.999307	41.9467
20.1	1.998821	41.94807
20.2	2.000291	41.94841
20.3	1.99915	41.94682
20.4	1.998969	41.94831
20.5	2.000521	41.9483
20.6	1.999018	41.94704
20.7	1.999172	41.94846
20.8	2.000678	41.9482
20.9	1.998934	41.94738
21	1.999414	41.94848
21.1	2.000742	41.94817
21.2	1.998922	41.94775
21.3	1.999656	41.9484
21.4	2.000667	41.94814
21.5	1.998998	41.94812
21.6	1.999451	41.94765
21.7	2.000415	41.94807
21.8	1.99917	41.94847
21.9	1.999597	41.94741
22	1.999853	41.94778
22.1	1.999419	41.94874
22.2	1.999669	41.94716
22.3	1.998938	41.94724
22.4	1.99974	41.94893
22.5	1.999664	41.94696
22.6	1.998864	41.94756
22.7	2.000097	41.94902
22.8	1.999588	41.94685
22.9	1.998861	41.9479
23	2.000453	41.94902
23.1	1.999467	41.94687
23.2	1.998939	41.94821
23.3	2.000757	41.94895
23.4	1.999332	41.94702
23.5	1.999092	41.94847
23.6	2.000933	41.94875
23.7	1.999222	41.94729
23.8	1.998881	41.94805
23.9	1.827677	39.97864
24	1.397956	35.05303
24.1	0.9201401	29.46954
24.2	0.2807656	21.33176
24.3	0.3555427	17.31258
24.4	-0.005334996	12.13928
24.5	-0.3072158	8.220459
24.6	-0.3332579	3.770267
24.7	-0.4663862	1.235114
24.8	-0.6370667	-1.04799
24.9	-0.5688563	-2.72744
25	-0.6545648	-4.612641
25.1	-0.8612025	-6.904271
25.2	-1.004921	-8.787715
25.3	-1.371308	-12.37421
25.4	-1.658945	-15.00646
25.5	-2.078108	-17.82021
25.6	-2.918098	-24.5504
25.7	-3.182221	-26.86547
25.8	-3.52431	-29.01369
25.9	-3.910815	-30.9122
26	-4.25577	-33.89067
26.1	-4.766132	-38.21095
26.2	-5.229432	-41.32383
26.3	-5.579032	-44.38333
26.4	-6.073556	-48.75681
26.5	-6.923282	-54.2418
26.6	-7.533593	-59.38736
26.7	-8.089747	-64.11806
26.8	-9.135983	-70.392
26.9	-9.793028	-75.1907
27	-10.25226	-78.57502
27.1	-10.85931	-81.33273
27.2	-11.78658	-86.73298
27.3	-12.74546	-91.11749
27.4	-13.69835	-93.33289
27.5	-14.51974	-93.60646
27.6	-15.83896	-89.34313
27.7	-16.89803	-80.49964
27.8	-17.30156	-75.47997
27.9	-17.52524	-72.08586
28	-17.77291	-68.37507
28.1	-17.96778	-66.12923
28.2	-18.04519	-63.58899
28.3	-18.0535	-61.11755
28.4	-18.10082	-59.93573
28.5	-17.9428	-58.35258
28.6	-17.60656	-56.53021
28.7	-17.47001	-55.72036
28.8	-17.49391	-55.75047
28.9	-17.50689	-55.75838
29	-17.53997	-55.80477
29.1	-17.55181	-55.8143
29.2	-17.5125	-55.69098
29.3	-17.30267	-55.12718
29.4	-16.75974	-53.92783
29.5	-16.75461	-53.92651
29.6	-16.80224	-53.97993
29.7	-16.82008	-53.99603
29.8	-16.81395	-53.99939
29.9	-16.82486	-54.00618
30	-16.8201	-53.99889
30.1	-16.81606	-54.00232
30.2	-16.82758	-54.00533
30.3	-17.9309	-57.10325
30.4	-18.19365	-63.78985
30.5	-17.9472	-66.94979
30.6	-17.17785	-74.68903
30.7	-16.10973	-82.70887
30.8	-13.22741	-92.61279
30.9	-12.24964	-88.68239
31	-11.54352	-83.98711
31.1	-10.84795	-79.04345
31.2	-9.767338	-72.13306
31.3	-9.255088	-68.06604
31.4	-8.854631	-64.66737
31.5	-7.546185	-55.41318
31.6	-6.080727	-42.7097
31.7	-4.45518	-27.96232
31.8	-2.801325	-18.73738
31.9	-1.483664	-8.790152
32	-0.7770826	-1.822825
32.1	-0.08376939	4.785626
32.2	0.5224872	10.86345
32.3	1.181245	18.76894
32.4	1.271037	22.68418
32.5	1.548764	29.50119
32.6	2.191978	37.34039
32.7	2.811275	46.27021
32.8	3.17286	54.57986
32.9	4.071178	64.67284
33	4.356475	68.75677
33.1	4.099015	71.30868
33.2	4.409404	75.13496
33.3	4.749748	78.6932
33.4	4.794001	81.60872
33.5	5.015392	84.1592
33.6	5.305765	87.08321
33.7	5.269461	88.72517
33.8	5.452673	90.93178
33.9	5.716469	93.52352
34	5.772485	95.26888
34.1	6.135399	99.08675
34.2	6.657026	103.9224
34.3	7.007098	108.7574
34.4	7.34615	112.7405
34.5	7.778163	116.529
34.6	8.09258	120.4521
34.7	8.357426	123.9351
34.8	8.691488	126.6653
34.9	9.068079	130.3661
35	9.602052	135.5457
35.1	9.92919	137.9746
35.2	9.987807	138.6761
35.3	9.900601	139.2133
35.4	10.06868	140.3059
35.5	10.17271	141.0271
35.6	10.34	142.4523
35.7	10.57	143.6833
35.8	11.01846	145.9988
35.9	11.19611	147.2864
36	11.61797	148.8596
36.1	11.94649	149.8068
36.2	11.92111	149.8622
36.3	12.12979	150.2503
36.4	12.21799	150.3905
36.5	12.44399	150.5658
36.6	13.0124	150.1819
36.7	14.07124	144.4377
36.8	14.54334	142.2966
36.9	14.94293	140.6227
37	15.48849	133.1452
37.1	16.56915	116.2964
37.2	17.62896	103.8159
37.3	18.45514	86.91788
37.4	18.99673	81.62008
37.5	19.65683	79.54243
37.6	19.47688	74.8834
37.7	19.12461	71.73077
37.8	17.69845	66.85748
37.9	16.88171	64.80301
38	15.78878	62.47208
38.1	14.7973	60.95079
38.2	14.34356	60.22408
38.3	13.61947	59.09684
38.4	12.97283	58.19859
38.5	12.1857	57.15928
38.6	11.61122	56.48095
38.7	11.1927	56.02707
38.8	10.9981	55.81822
38.9	10.81289	55.64331
39	10.65174	55.49019
39.1	10.64746	55.48111
39.2	10.63817	55.48061
39.3	10.54503	55.39184
39.4	10.48652	55.34029
39.5	10.48117	55.34093
39.6	10.34244	55.21892
39.7	10.33202	55.21367
39.8	10.33181	55.21359
39.9	10.18121	55.09195
40	10.08085	55.02489
40.1	9.913677	54.90899
40.2	9.786954	54.83007
40.3	9.789333	54.84018
40.4	9.75704	54.81707
40.5	9.641252	54.75996
40.6	9.607487	54.74915
40.7	9.611952	54.74611
40.8	9.396955	54.67486
40.9	9.404475	54.67878
41	9.405361	54.67592
41.1	9.367204	54.67064
41.2	9.377853	54.67353
41.3	9.373179	54.66941
41.4	9.339427	54.66574
41.5	9.257265	54.65663
41.6	9.222281	54.65319
41.7	9.223787	54.65384
41.8	9.231123	54.65548
41.9	9.221218	54.65521
42	9.227111	54.65481
42.1	9.228888	54.65495
42.2	9.221809	54.65635
42.3	9.228856	54.65469
42.4	9.223151	54.6528
42.5	9.224644	54.65627
42.6	9.229218	54.65374
42.7	9.220664	54.65384
42.8	9.227843	54.65597
42.9	9.227736	54.65297
43	9.220078	54.65496
43.1	9.230149	54.65664
43.2	9.225012	54.65307
43.3	9.221846	54.65522
43.4	9.231565	54.65626
43.5	9.2223	54.65407
43.6	9.224986	54.65438
43.7	9.231134	54.65569
43.8	9.220985	54.65539
