Time	Aircraft Simulation Net Global Moment X	Aircraft Simulation Net Global Force Y
0.1	0.65279	42.39199
0.2	0.3760784	42.02702
0.3	0.3379136	41.97588
0.4	0.3281264	41.9637
0.5	0.3238812	41.95583
0.6	0.320573	41.95236
0.7	0.3204815	41.95279
0.8	0.3195325	41.94953
0.9	0.317839	41.94895
1	0.3190781	41.95039
1.1	0.31827	41.94776
1.2	0.3169527	41.94805
1.3	0.3186689	41.94931
1.4	0.3176627	41.94709
1.5	0.3166247	41.94779
1.6	0.3187058	41.94891
1.7	0.3175509	41.94727
1.8	0.3167642	41.94802
1.9	0.3182732	41.948
2	0.3174675	41.94758
2.1	0.3169715	41.94817
2.2	0.3177934	41.94722
2.3	0.3174481	41.94801
2.4	0.317215	41.94818
2.5	0.3177375	41.94706
2.6	0.3175162	41.94848
2.7	0.3174717	41.94811
2.8	0.3176187	41.947
2.9	0.3176702	41.94895
3	0.3177085	41.94794
3.1	0.3174604	41.94706
3.2	0.3178813	41.94936
3.3	0.3178954	41.94774
3.4	0.3173001	41.94724
3.5	0.3180825	41.94956
3.6	0.3180119	41.94754
3.7	0.316763	41.94695
3.8	0.3181864	41.94949
3.9	0.318058	41.94739
4	0.3166786	41.94728
4.1	0.3179762	41.94892
4.2	0.3180424	41.94737
4.3	0.3166702	41.94762
4.4	0.3175651	41.94808
4.5	0.3179875	41.94748
4.6	0.3167437	41.94793
4.7	0.3177527	41.94785
4.8	0.3179346	41.94773
4.9	0.3169004	41.94818
5	0.3178706	41.94759
5.1	0.3179004	41.9481
5.2	0.3171213	41.94835
5.3	0.3179073	41.94737
5.4	0.3178979	41.94853
5.5	0.3173886	41.94839
5.6	0.3178613	41.9472
5.7	0.3178895	41.94892
5.8	0.3176703	41.94835
5.9	0.3173454	41.94659
6	0.3178274	41.94913
6.1	0.3179375	41.94823
6.2	0.3171849	41.94664
6.3	0.3175502	41.94894
6.4	0.3181645	41.94806
6.5	0.3170196	41.94682
6.6	0.3169772	41.94831
6.7	0.3183281	41.94792
6.8	0.3168858	41.94711
6.9	0.3171957	41.94839
7	0.318431	41.94784
7.1	0.3168156	41.94744
7.2	0.3174419	41.94835
7.3	0.3184681	41.94787
7.4	0.3168189	41.9478
7.5	0.317674	41.94822
7.6	0.318437	41.948
7.7	0.3169144	41.94814
7.8	0.3178701	41.948
7.9	0.3183275	41.94818
8	0.3170918	41.94844
8.1	0.3175941	41.94718
8.2	0.3181047	41.94831
8.3	0.3173456	41.94862
8.4	0.3176288	41.94696
8.5	0.3176673	41.94825
8.6	0.3176496	41.94872
8.7	0.31758	41.94679
8.8	0.3221284	41.95638
8.9	0.317978	41.94873
9	0.3174652	41.94674
9.1	0.139743	38.227
9.2	0.01711784	33.95827
9.3	-0.1687028	29.3901
9.4	-0.3015179	26.32947
9.5	-0.2772046	21.73196
9.6	-0.2850817	18.93153
9.7	-0.5033836	13.36512
9.8	-0.3615583	12.63695
9.9	-0.3027858	10.43547
10	-0.363299	8.488005
10.1	-0.4043041	5.643793
10.2	-0.3224027	4.81873
10.3	-0.3844724	2.866194
10.4	-0.5172661	-1.661304
10.5	-0.4615014	-3.769299
10.6	-0.7193918	-9.014313
10.7	-0.9321028	-11.65519
10.8	-1.173333	-15.59744
10.9	-1.338422	-17.5809
11	-1.505471	-19.89367
11.1	-1.901373	-23.44275
11.2	-2.121068	-25.79986
11.3	-2.219279	-27.12098
11.4	-2.459429	-28.64476
11.5	-2.664762	-31.00277
11.6	-3.013089	-35.92582
11.7	-3.383834	-39.39921
11.8	-3.683182	-42.75329
11.9	-3.986971	-46.98684
12	-4.324252	-49.60456
12.1	-4.6527	-52.37219
12.2	-4.81298	-54.42655
12.3	-5.209511	-58.99858
12.4	-5.513275	-61.67435
12.5	-5.673577	-63.6753
12.6	-5.838618	-65.3008
12.7	-6.275121	-69.17338
12.8	-6.686734	-73.9619
12.9	-7.295696	-80.17121
13	-7.744711	-82.33813
13.1	-8.1831	-85.77563
13.2	-8.883047	-90.15132
13.3	-9.564592	-92.44019
13.4	-10.04911	-93.45876
13.5	-10.8702	-93.47236
13.6	-11.87243	-90.74239
13.7	-12.25425	-89.15746
13.8	-12.95714	-85.42422
13.9	-13.05033	-84.16074
14	-13.72745	-79.63654
14.1	-14.25987	-75.57681
14.2	-14.62028	-72.4893
14.3	-14.88946	-70.16431
14.4	-15.14036	-67.62299
14.5	-15.28841	-66.36517
14.6	-15.47555	-64.50936
14.7	-15.51184	-64.07086
14.8	-15.65319	-60.86337
14.9	-15.70436	-60.39874
15	-15.7168	-60.40943
15.1	-15.7277	-60.41745
15.2	-15.75297	-60.45333
15.3	-15.76405	-60.45934
15.4	-15.76093	-60.45943
15.5	-15.7614	-60.46058
15.6	-15.76557	-60.45983
15.7	-15.75908	-60.46039
15.8	-15.74412	-59.46298
15.9	-15.70601	-58.83023
16	-15.70271	-58.83213
16.1	-15.73965	-58.86649
16.2	-15.74333	-58.87698
16.3	-15.6667	-57.99503
16.4	-15.58066	-57.19897
16.5	-15.5897	-57.21952
16.6	-15.52618	-56.82951
16.7	-15.45565	-56.46083
16.8	-15.46388	-56.47516
16.9	-15.47116	-56.47629
17	-15.46812	-56.48055
17.1	-15.47254	-56.48242
17.2	-15.47335	-56.47965
17.3	-15.47053	-56.48522
17.4	-15.47577	-56.48336
17.5	-15.47009	-56.47986
17.6	-15.41354	-56.2359
17.7	-15.3609	-55.99879
17.8	-15.05755	-55.06313
17.9	-14.84658	-54.5093
18	-14.89589	-54.56527
18.1	-14.89954	-54.57912
18.2	-14.9087	-54.58015
18.3	-14.9049	-54.58142
18.4	-15.44799	-56.21862
18.5	-15.86084	-60.17084
18.6	-15.65995	-63.23054
18.7	-15.37616	-66.08174
18.8	-14.76153	-70.70895
18.9	-13.56711	-78.77715
19	-12.59191	-85.00262
19.1	-11.70867	-89.03688
19.2	-11.31717	-90.98774
19.3	-11.15111	-92.49969
19.4	-10.65519	-93.43065
19.5	-9.833252	-93.13918
19.6	-9.476322	-92.02349
19.7	-8.79105	-88.45121
19.8	-8.069401	-82.70529
19.9	-7.629941	-79.84729
20	-7.403372	-77.62161
20.1	-7.126015	-74.47272
20.2	-6.708759	-71.28761
20.3	-6.391321	-67.61089
20.4	-5.865407	-60.12306
20.5	-4.452853	-44.29726
20.6	-3.895825	-37.33475
20.7	-3.696772	-34.59405
20.8	-2.756888	-25.79445
20.9	-1.917186	-17.87518
21	-1.398242	-10.90697
21.1	-0.5430241	0.1800256
21.2	0.1988862	11.22513
21.3	0.7307045	23.10098
21.4	0.7667553	29.71037
21.5	0.4363775	33.91133
21.6	0.5609931	37.77492
21.7	0.8473561	45.51499
21.8	0.8030275	50.97577
21.9	0.9281308	54.19934
22	1.260552	61.33358
22.1	1.038206	64.68471
22.2	1.189742	68.52374
22.3	1.420397	72.75793
22.4	1.456911	77.92415
22.5	1.53637	80.13096
22.6	1.626388	81.74898
22.7	1.768691	87.6142
22.8	2.008202	92.39019
22.9	2.190339	95.29826
23	2.306886	100.4536
23.1	2.270433	101.5752
23.2	2.458075	104.4581
23.3	2.530478	107.164
23.4	2.740363	111.1782
23.5	2.904829	113.7056
23.6	2.989375	116.0781
23.7	3.00102	118.1587
23.8	3.284636	121.8831
23.9	3.454645	124.5571
24	3.773954	130.0306
24.1	3.950228	132.0699
24.2	4.203515	134.8674
24.3	4.032697	135.4553
24.4	4.263518	137.8765
24.5	4.730564	141.7324
24.6	5.058895	145.6333
24.7	5.340776	147.3507
24.8	5.602427	148.564
24.9	6.112804	150.211
25	6.365336	150.6343
25.1	6.678479	150.8032
25.2	7.227479	150.2283
25.3	7.363593	149.933
25.4	7.625504	149.1204
25.5	8.394357	145.2835
25.6	8.759667	143.3146
25.7	9.268217	139.4385
25.8	9.739734	136.4301
25.9	10.39443	133.2629
26	11.65453	119.898
26.1	11.89412	118.8494
26.2	13.39955	106.8786
26.3	14.00819	100.3789
26.4	14.10515	104.4665
26.5	15.10189	92.36382
26.6	15.28366	90.48283
26.7	15.40457	93.57011
26.8	16.02202	85.82558
26.9	16.18949	83.77603
27	16.16436	88.5642
27.1	16.4923	78.82178
27.2	16.50228	78.74677
27.3	16.51096	78.70981
27.4	16.49578	76.75959
27.5	16.39823	74.90134
27.6	16.3831	74.59489
27.7	16.30134	73.98586
27.8	16.27231	73.95779
27.9	16.27228	73.95609
28	16.18494	73.11489
28.1	16.15441	72.83344
28.2	16.12821	72.56079
28.3	16.01225	71.74616
28.4	15.89309	71.09526
28.5	15.80524	70.58497
28.6	15.5323	69.16257
28.7	15.19994	67.9322
28.8	15.12775	67.70356
28.9	14.98803	67.19753
29	14.84817	66.88007
29.1	14.63577	66.22805
29.2	14.30071	65.21407
29.3	13.81023	63.9976
29.4	13.53364	63.37283
29.5	13.12271	62.44938
29.6	12.31671	60.91954
29.7	11.79574	60.01432
29.8	11.16367	58.96237
29.9	9.311758	56.43742
30	9.21541	56.32271
30.1	9.089755	56.17107
30.2	8.771304	55.83408
30.3	8.642264	55.69574
30.4	8.205873	55.28337
30.5	8.106153	55.20849
30.6	7.926226	55.05807
30.7	7.834377	54.99123
30.8	7.557286	54.81942
30.9	7.561031	54.81462
31	7.479389	54.77581
31.1	7.315013	54.70708
31.2	7.192327	54.66934
31.3	7.009081	54.65215
31.4	6.94021	54.65641
31.5	6.920549	54.66269
31.6	6.870788	54.67567
31.7	6.87833	54.67345
31.8	6.873931	54.67404
31.9	6.852778	54.68203
32	6.856599	54.6807
32.1	6.80797	54.70057
32.2	6.717353	54.75714
32.3	6.699364	54.76825
32.4	6.695297	54.77316
32.5	6.703191	54.77198
32.6	6.697807	54.7696
32.7	6.69906	54.77404
32.8	6.703847	54.77104
32.9	6.69531	54.77158
33	6.70259	54.77407
33.1	6.702703	54.77058
33.2	6.69486	54.77306
33.3	6.704383	54.77406
33.4	6.700163	54.77011
33.5	6.69646	54.77324
33.6	6.702455	54.77079
33.7	6.697111	54.77142
33.8	6.700042	54.77207
33.9	6.702813	54.77053
34	6.69546	54.77318
34.1	6.70186	54.77313
34.2	6.700215	54.76994
34.3	6.696337	54.77424
