Time	Aircraft Simulation Yaw Rate
0.1	0.0006744937
0.2	-0.002011117
0.3	-0.003414304
0.4	0.0005163011
0.5	0.003419154
0.6	0.001621871
0.7	-0.002004582
0.8	-0.003351697
0.9	0.0005420072
1	0.00267605
1.1	0.002075417
1.2	-0.001839954
1.3	-0.002975965
1.4	3.702347E-05
1.5	0.002525796
1.6	0.001831483
1.7	-0.001249275
1.8	-0.002585183
1.9	-0.0002364167
2	0.00203154
2.1	0.001796787
2.2	-0.0009926022
2.3	-0.002031572
2.4	-0.0005028149
2.5	0.0018261
2.6	0.001485518
2.7	-0.0006553624
2.8	-0.001915566
2.9	-0.0004589283
3	0.001365182
3.1	0.001273807
3.2	-0.0004079984
3.3	-0.00139546
3.4	-0.0005206584
3.5	0.0009808722
3.6	0.0008877496
3.7	2.842715E-05
3.8	-0.0009207539
3.9	-0.0008845344
4	0.0004386692
4.1	0.001062498
4.2	0.00046987
4.3	-0.0007263403
4.4	-0.000832389
4.5	-0.0001163852
4.6	0.0007316065
4.7	0.0006404848
4.8	-0.0003408887
4.9	-0.0007128738
5	-0.0003977027
5.1	0.0002607375
5.2	0.0005708525
5.3	0.0001114351
5.4	-0.0004689339
5.5	-0.0001514872
5.6	8.379213E-05
5.7	-6.823397E-06
5.8	-3.72768E-05
5.9	-5.270081E-05
6	3.992819E-05
6.1	6.147588E-05
6.2	7.659647E-05
6.3	9.89608E-05
6.4	-3.760471E-05
6.5	-0.0001404993
6.6	1.202421E-05
6.7	0.0001017727
6.8	-8.092492E-05
6.9	-0.0001597965
7	0.0001429773
7.1	0.0001957645
7.2	-0.000150726
7.3	-0.0001865453
7.4	0.0001392321
7.5	0.0002376479
7.6	-9.705329E-05
7.7	-0.0001468114
7.8	3.911426E-06
7.9	7.025412E-05
8	1.535526E-05
8.1	6.705718E-05
8.2	-3.90047E-05
8.3	-4.440001E-05
8.4	-5.895321E-05
8.5	0.0005247153
8.6	0.000486636
8.7	-0.0004495878
8.8	0.00016462
8.9	-0.0001649961
9	0.0002752694
9.1	0.0001223345
9.2	-0.0003164122
9.3	-0.0002339075
9.4	6.602244E-05
9.5	0.0001926574
9.6	3.437649E-05
9.7	-0.0001908235
9.8	-6.651929E-05
9.9	0.0001875177
10	6.194117E-05
10.1	-3.647869E-05
10.2	4.632083E-05
10.3	-4.892107E-05
10.4	-0.0001246692
10.5	-1.897542E-05
10.6	0.0001017705
10.7	4.157783E-05
10.8	-0.0001942956
10.9	-5.330221E-05
11	0.0001288611
11.1	0.0001257972
11.2	-6.74089E-05
11.3	-2.517872E-05
11.4	2.957758E-06
11.5	2.945659E-05
11.6	3.093063E-05
11.7	-3.981319E-05
11.8	-1.546138E-05
11.9	0.0001071083
12	1.263691E-05
12.1	-0.0001204552
12.2	-5.153172E-05
12.3	9.182371E-05
12.4	6.710965E-06
12.5	-0.0001180673
12.6	-6.33413E-06
12.7	9.177595E-05
12.8	-3.822717E-05
12.9	-5.621288E-05
13	-4.653145E-05
13.1	1.403553E-05
13.2	0.0001031263
13.3	3.701786E-06
13.4	-0.0001440715
13.5	-3.457144E-05
13.6	8.135518E-05
13.7	7.863431E-05
13.8	-5.350446E-05
13.9	-4.936977E-05
14	9.784233E-05
14.1	5.861903E-05
14.2	-7.849828E-05
14.3	-0.0001475638
14.4	4.838377E-05
14.5	0.000216602
14.6	4.21433E-05
14.7	-0.0001630136
14.8	-3.233449E-05
14.9	0.0001387672
15	7.452995E-05
15.1	-8.072424E-05
15.2	1.627226E-05
15.3	7.446068E-06
15.4	-5.719965E-05
15.5	2.402904E-05
15.6	7.814472E-05
15.7	-1.054698E-05
15.8	-0.0001045974
15.9	7.514968E-05
16	0.0001137256
16.1	-0.0001068898
16.2	-0.0001123997
16.3	6.3717E-05
16.4	6.939369E-05
16.5	-0.0001303869
16.6	-7.178667E-05
16.7	4.435602E-05
16.8	0.0001021112
16.9	0.0001263707
17	-1.078475E-05
17.1	-5.784399E-05
17.2	-2.0241E-05
17.3	4.601288E-05
17.4	-5.487602E-06
17.5	2.837991E-05
17.6	-8.057853E-05
17.7	-1.531572E-05
17.8	3.532335E-05
17.9	4.719098E-05
18	-4.83584E-05
18.1	-5.572794E-05
18.2	0.000193608
18.3	6.35816E-05
18.4	-0.0001373067
18.5	-4.977674E-05
18.6	0.0001428884
18.7	3.509712E-05
18.8	-0.0001169933
18.9	-3.32073E-05
19	5.557547E-05
19.1	-7.435712E-06
19.2	-4.342442E-06
19.3	-2.702183E-06
19.4	-5.564308E-06
19.5	-1.761128E-06
19.6	2.2213E-06
19.7	1.612233E-05
19.8	-8.182289E-05
19.9	7.783852E-06
20	3.387454E-05
20.1	2.439547E-05
20.2	-2.508575E-05
20.3	-8.727178E-05
20.4	-5.867062E-05
20.5	0.000104522
20.6	2.646795E-05
20.7	-8.774716E-05
20.8	-9.593891E-05
20.9	8.587983E-05
21	5.132177E-05
21.1	-0.0001281184
21.2	-4.432763E-06
21.3	2.711055E-05
21.4	0.000119594
21.5	7.945308E-05
21.6	-0.0001084962
21.7	-0.0001487649
21.8	0.0001538019
21.9	0.0001805169
22	2.108429E-06
22.1	-0.0001164705
22.2	2.877765E-06
22.3	7.344389E-05
22.4	-4.394322E-05
22.5	-2.437433E-05
22.6	7.256622E-05
22.7	-2.981495E-05
22.8	-5.745424E-06
22.9	8.309637E-05
23	1.653259E-08
23.1	-0.0001096345
23.2	6.301561E-05
23.3	1.81602E-05
23.4	-2.591594E-05
23.5	-1.381934E-05
23.6	4.827159E-05
23.7	-4.566827E-05
23.8	-7.145486E-05
23.9	4.340931E-05
24	3.919834E-05
24.1	-0.0001704569
24.2	-0.0003999784
24.3	-0.0003051935
24.4	-0.0001753872
24.5	-0.0003459472
24.6	-0.000561472
24.7	-0.0005121276
24.8	-0.0006094855
24.9	-0.002296582
25	-0.00345021
25.1	-0.004041754
25.2	-0.003513683
25.3	-0.001900548
25.4	-0.0001497444
25.5	0.001219789
25.6	0.001354556
25.7	0.0008429882
25.8	0.0002651765
25.9	-0.0005463099
26	-0.001290745
26.1	-0.001405269
26.2	-0.0008445689
26.3	-0.0003862887
26.4	1.295704E-05
26.5	0.0004019377
26.6	0.0003758202
26.7	0.0001677409
26.8	0.0001166295
26.9	-0.0003836619
27	-0.0005116866
27.1	-0.0005660267
27.2	-0.0007884242
27.3	-0.0003424188
27.4	-0.0003420274
27.5	-0.0003124699
27.6	-9.984562E-05
27.7	-0.000234045
27.8	-0.0002120511
27.9	-0.0002623887
28	-0.0001378342
28.1	-2.511071E-05
28.2	-0.0001724529
28.3	-0.0001626102
28.4	-9.863374E-05
28.5	8.535889E-05
28.6	-7.617715E-05
28.7	-0.0003991303
28.8	-0.0003794527
28.9	-0.00040278
29	-0.000592567
29.1	-0.0003263091
29.2	-0.0001192415
29.3	-0.0008661462
29.4	-0.00218843
29.5	-0.00371623
29.6	-0.004771626
29.7	-0.005487771
29.8	-0.005987507
29.9	-0.01391317
30	-0.1136012
30.1	-0.2089528
30.2	-0.2345129
30.3	-0.129264
30.4	-0.01696971
30.5	0.06196669
30.6	0.1008761
30.7	0.1205922
30.8	0.1335333
30.9	0.1367567
31	0.1288861
31.1	0.1100919
31.2	0.08219506
31.3	0.04836336
31.4	0.01271255
31.5	-0.02110172
31.6	-0.04878096
31.7	-0.06753673
31.8	-0.07748459
31.9	-0.07903021
32	-0.07283763
32.1	-0.06061731
32.2	-0.04400621
32.3	-0.02471642
32.4	-0.004365919
32.5	0.01438657
32.6	0.0297431
32.7	0.04069921
32.8	0.04650717
32.9	0.04715243
33	0.0429684
33.1	0.03480779
33.2	0.02399918
33.3	0.01222821
33.4	0.001025803
33.5	-0.008237338
33.6	-0.01445959
33.7	-0.01762573
33.8	-0.01825148
33.9	-0.01666674
34	-0.01346983
34.1	-0.009203618
34.2	-0.004427103
34.3	6.20166E-05
34.4	0.003917879
34.5	0.006767992
34.6	0.008339649
34.7	0.008576588
34.8	0.007795544
34.9	0.006495352
35	0.005223495
35.1	0.003818486
35.2	0.001998811
35.3	-0.0001811711
35.4	-0.002163496
35.5	-0.003618217
35.6	-0.004402278
35.7	-0.004396788
35.8	-0.003708962
35.9	-0.002544839
36	-0.001119247
36.1	0.0005336992
36.2	0.002589517
36.3	0.004818961
36.4	0.007063447
36.5	0.008162935
36.6	0.007442912
36.7	0.005172808
36.8	0.002291447
36.9	-0.0006273623
37	-0.003254984
37.1	-0.005191401
37.2	-0.005984827
37.3	-0.005869672
37.4	-0.00489813
37.5	-0.003392696
37.6	-0.001594023
37.7	8.598759E-05
37.8	0.00153404
37.9	0.002404534
38	0.002816777
38.1	0.002655809
38.2	0.00206515
38.3	0.001294421
38.4	0.0004339561
38.5	0.2376521
38.6	0.5620191
38.7	0.7268109
38.8	0.7277208
38.9	0.5899003
39	0.3599806
39.1	0.09641011
39.2	-0.1444742
39.3	-0.319902
39.4	-0.4069291
39.5	-0.4032293
39.6	-0.3237458
39.7	-0.1958147
39.8	-0.05265579
39.9	0.07405294
40	0.1605218
40.1	0.1950272
40.2	0.1786775
40.3	0.1232771
40.4	0.04729907
40.5	-0.02878594
40.6	-0.08809568
40.7	-0.1188214
40.8	-0.1165851
40.9	-0.08407024
41	-0.02825321
41.1	0.03840938
41.2	0.1062489
41.3	0.1602341
41.4	0.1935052
41.5	0.2021728
41.6	0.1890632
41.7	0.1603002
41.8	0.1208646
41.9	0.07857879
42	0.03508513
42.1	-0.005898423
42.2	-0.04401007
42.3	-0.07678998
42.4	-0.09845429
42.5	-0.1066696
42.6	-0.1009126
42.7	-0.08381791
42.8	-0.05856526
42.9	-0.02981985
43	-0.002462506
43.1	0.01982084
43.2	0.03466211
43.3	0.04082599
43.4	0.03845832
43.5	0.02897847
43.6	0.01457989
43.7	-0.002218951
43.8	-0.01875876
43.9	-0.03273176
44	-0.04258516
44.1	-0.04744262
44.2	-0.04719727
44.3	-0.0428823
44.4	-0.03544825
44.5	-0.02610606
44.6	-0.01688355
44.7	-0.009370496
44.8	-0.004210212
44.9	-0.002415843
45	-0.003755084
45.1	-0.00755321
45.2	-0.01293797
45.3	-0.01814224
45.4	-0.02160113
45.5	-0.02199182
45.6	-0.02001287
45.7	-0.01978719
45.8	-0.02116143
45.9	-0.0225864
46	-0.01451571
46.1	-0.01098038
46.2	-0.0246355
46.3	-0.0137058
46.4	0.007275193
46.5	0.03286778
46.6	0.05027469
46.7	0.05756267
46.8	0.05680116
46.9	0.04988101
47	0.04105926
47.1	0.03323121
47.2	0.02837127
47.3	0.02858982
47.4	0.03334424
47.5	0.0416705
47.6	0.05266093
47.7	0.06399558
47.8	0.07486616
47.9	0.08405478
48	0.09066688
48.1	0.09524503
48.2	0.09771529
48.3	0.09830557
48.4	0.0978998
48.5	0.09711841
48.6	0.0959271
48.7	0.09471013
48.8	0.09421445
48.9	0.09382471
49	0.09358355
49.1	0.09368884
49.2	0.09355483
49.3	0.09163149
49.4	0.08749957
49.5	0.08155668
49.6	0.07444675
49.7	0.06694978
49.8	0.06044146
49.9	0.05573653
50	0.05240749
50.1	0.05048947
50.2	0.04960364
50.3	0.04941933
50.4	0.0503771
50.5	0.05162863
50.6	0.05254282
50.7	0.05280482
50.8	0.05220655
50.9	0.05043474
51	0.04773498
51.1	0.04307409
51.2	0.03637002
51.3	0.0277144
51.4	0.01702577
51.5	0.004470341
51.6	-0.009309303
51.7	-0.02493431
51.8	-0.04209465
51.9	-0.06005722
52	-0.07809539
52.1	-0.09556821
52.2	-0.1112689
52.3	-0.12525
52.4	-0.1359164
52.5	-0.1428764
52.6	-0.1458064
52.7	-0.1444511
52.8	-0.1388616
52.9	-0.1289589
53	-0.1155706
53.1	-0.1002339
53.2	-0.08422025
53.3	-0.06873953
53.4	-0.05499885
53.5	-0.04426857
53.6	-0.03748897
53.7	-0.0352269
53.8	-0.03904586
53.9	-0.04941054
54	-0.06439897
54.1	-0.07963212
54.2	-0.09127128
54.3	-0.09681919
54.4	-0.09566581
54.5	-0.08849689
54.6	-0.076205
54.7	-0.06065271
54.8	-0.0424578
54.9	-0.0238015
55	-0.00859893
55.1	0.0006913422
55.2	0.004226227
55.3	0.003065521
55.4	0.001091084
55.5	0.001574805
55.6	0.004639572
55.7	0.008313184
55.8	0.009786801
55.9	0.007026081
56	0.003073201
56.1	0.003634362
56.2	0.01257338
56.3	0.02809068
56.4	0.04186513
56.5	0.04664961
56.6	0.04054275
56.7	0.0260002
56.8	0.004298718
56.9	-0.02142522
57	-0.04589903
57.1	-0.06589931
57.2	-0.07856895
57.3	-0.08228221
57.4	-0.07801572
57.5	-0.06705331
57.6	-0.05190904
57.7	-0.03500681
57.8	-0.01719214
57.9	-0.001552479
58	0.01090735
58.1	0.02170969
58.2	0.02994155
58.3	0.03323996
58.4	0.03288786
58.5	0.03197119
58.6	0.03464097
58.7	0.04169191
58.8	0.05174671
58.9	0.06176548
59	0.06713335
59.1	0.06479842
59.2	0.0566175
59.3	0.04494972
59.4	0.02958457
59.5	0.01092388
59.6	-0.008138639
59.7	-0.02461221
59.8	-0.03710458
59.9	-0.04334396
60	-0.04414039
60.1	-0.04069547
60.2	-0.03409252
60.3	-0.02550007
60.4	-0.01417655
60.5	0.001598613
60.6	0.01769329
60.7	0.02963708
60.8	0.03454967
60.9	0.03286745
61	0.02509515
61.1	0.01271835
61.2	-0.001125256
61.3	-0.01429041
61.4	-0.02479036
61.5	-0.02990303
61.6	-0.02979932
61.7	-0.02521195
61.8	-0.01636266
61.9	-0.004660684
62	0.009772395
62.1	0.02588631
62.2	0.04047425
62.3	0.05283738
62.4	0.06139907
62.5	0.06400008
62.6	0.05947912
62.7	0.0486274
62.8	0.0339834
62.9	0.01769489
63	0.001364879
63.1	-0.01284952
63.2	-0.0220885
63.3	-0.02432823
63.4	-0.01866053
63.5	-0.008595508
63.6	0.002620065
63.7	0.01273251
63.8	0.01996413
63.9	0.02331186
64	0.02241453
64.1	0.01708696
64.2	0.008222125
64.3	-0.003066396
64.4	-0.0153328
64.5	-0.02596073
64.6	-0.03217707
64.7	-0.03107236
64.8	-0.02134932
64.9	-0.004084056
65	0.01730277
65.1	0.03686754
65.2	0.04809348
65.3	0.04811788
65.4	0.03727217
65.5	0.01888832
65.6	-0.004462324
65.7	-0.02967222
65.8	-0.05219932
65.9	-0.06935537
66	-0.07960401
66.1	-0.08154772
66.2	-0.07609667
66.3	-0.06516096
66.4	-0.05029753
66.5	-0.03424604
66.6	-0.01939721
66.7	-0.006728252
66.8	0.002478301
66.9	0.007740092
67	0.01004652
67.1	0.009892134
67.2	0.008066161
67.3	0.00613887
67.4	0.004768532
67.5	0.004426898
67.6	0.005624861
67.7	0.008541616
67.8	0.01286871
67.9	0.01811995
68	0.02437338
68.1	0.03082131
68.2	0.0370394
68.3	0.04300241
68.4	0.04961928
68.5	0.05626363
68.6	0.06227561
68.7	0.06854701
68.8	0.07510491
68.9	0.08106464
69	0.08630673
69.1	0.09089115
69.2	0.09472619
69.3	0.09755579
69.4	0.09930869
69.5	0.0998031
69.6	0.09955754
69.7	0.09820087
69.8	0.09586945
69.9	0.09282731
70	0.08896685
70.1	0.0845345
70.2	0.07903896
70.3	0.07263415
70.4	0.06536077
70.5	0.05738246
70.6	0.04909323
70.7	0.03986613
70.8	0.03000549
70.9	0.01972382
71	0.009246698
71.1	-0.0008218996
71.2	-0.01084856
71.3	-0.02052558
71.4	-0.02951644
71.5	-0.03752825
71.6	-0.04411701
71.7	-0.0497449
71.8	-0.05401315
71.9	-0.05696097
72	-0.05853272
72.1	-0.05893691
72.2	-0.0584986
72.3	-0.05741701
72.4	-0.0561104
72.5	-0.05464487
72.6	-0.05347676
72.7	-0.05284319
72.8	-0.05294728
72.9	-0.05350947
73	-0.05467806
73.1	-0.0565406
73.2	-0.05839144
73.3	-0.06014343
73.4	-0.06164353
73.5	-0.06288614
73.6	-0.06312607
73.7	-0.06262036
73.8	-0.06173319
73.9	-0.05982348
74	-0.05737349
74.1	-0.05484213
74.2	-0.05191832
74.3	-0.04881088
74.4	-0.04589607
74.5	-0.04319691
74.6	-0.04033917
74.7	-0.03755987
74.8	-0.03515877
74.9	-0.03228862
75	-0.02930291
75.1	-0.02644212
75.2	-0.02298984
75.3	-0.01927727
75.4	-0.01553497
75.5	-0.0114725
75.6	-0.007129833
75.7	-0.002720786
75.8	0.001484951
75.9	0.005999374
76	0.01036777
76.1	0.01447826
76.2	0.01859954
76.3	0.02262751
76.4	0.02642351
76.5	0.02986049
76.6	0.03339119
76.7	0.03666925
76.8	0.03969099
76.9	0.04235388
77	0.04507489
77.1	0.04747259
77.2	0.04954502
77.3	0.0511899
77.4	0.05278738
77.5	0.0539829
77.6	0.05473715
77.7	0.05497484
77.8	0.05525191
77.9	0.05518229
78	0.05465211
78.1	0.0534693
78.2	0.05177032
78.3	0.04960936
78.4	0.04676149
78.5	0.04334616
78.6	0.03930566
78.7	0.03514029
78.8	0.03047817
78.9	0.02555229
79	0.02043772
79.1	0.01541918
79.2	0.01052528
79.3	0.005736353
79.4	0.001148084
79.5	-0.00312413
79.6	-0.006826641
79.7	-0.01026736
79.8	-0.01331058
79.9	-0.01607304
80	-0.0182643
80.1	-0.02024199
80.2	-0.02200937
80.3	-0.02372474
80.4	-0.0251073
80.5	-0.02643942
80.6	-0.02774015
80.7	-0.02918621
80.8	-0.03034808
80.9	-0.03150379
81	-0.03258075
81.1	-0.03380712
81.2	-0.0345762
81.3	-0.03522686
81.4	-0.03573218
81.5	-0.03613031
81.6	-0.03606259
81.7	-0.03575882
81.8	-0.03549172
81.9	-0.03475635
82	-0.03381796
82.1	-0.03274946
82.2	-0.03178224
82.3	-0.03039886
82.4	-0.02895611
82.5	-0.02769076
82.6	-0.02610109
82.7	-0.02441444
82.8	-0.02267885
82.9	-0.02109457
83	-0.01909894
83.1	-0.01704835
83.2	-0.015171
83.3	-0.01296092
83.4	-0.0106474
83.5	-0.008285392
83.6	-0.00613331
83.7	-0.003625799
83.8	-0.001133637
83.9	0.001179517
84	0.003574584
84.1	0.006006021
84.2	0.008363668
84.3	0.01040348
84.4	0.01266531
84.5	0.01479415
84.6	0.01674508
84.7	0.01840403
84.8	0.02024245
84.9	0.02187504
85	0.02331117
85.1	0.02445167
85.2	0.02570143
85.3	0.02669778
85.4	0.02747939
85.5	0.02795044
85.6	0.02848436
85.7	0.0287252
85.8	0.02871733
85.9	0.02839962
86	0.02815007
86.1	0.02761016
86.2	0.02681238
86.3	0.02569078
86.4	0.02465567
86.5	0.02337028
86.6	0.02188738
86.7	0.02011521
86.8	0.01848125
86.9	0.0166819
87	0.01475719
87.1	0.01265682
87.2	0.01067315
87.3	0.008659596
87.4	0.006585844
87.5	0.004442376
87.6	0.002456716
87.7	0.0005759387
87.8	-0.001307523
87.9	-0.003203666
88	-0.004959197
88.1	-0.006534126
88.2	-0.008080256
88.3	-0.009628326
88.4	-0.01101828
88.5	-0.01219385
88.6	-0.01331883
88.7	-0.01449262
88.8	-0.01545094
88.9	-0.01623897
89	-0.0169549
89.1	-0.01780458
89.2	-0.01830467
89.3	-0.01868737
89.4	-0.01902282
89.5	-0.01948661
89.6	-0.01953191
89.7	-0.01952232
89.8	-0.01945324
89.9	-0.01945074
90	-0.01906688
90.1	-0.01864482
90.2	-0.01831702
90.3	-0.01774125
90.4	-0.01701754
90.5	-0.01622757
90.6	-0.01565453
90.7	-0.01464885
90.8	-0.01365386
90.9	-0.01266452
91	-0.0117893
91.1	-0.01058238
91.2	-0.009378155
91.3	-0.008353367
91.4	-0.007109338
91.5	-0.005776362
91.6	-0.004452082
91.7	-0.003375794
91.8	-0.0019608
91.9	-0.0005832131
92	0.0007297405
92.1	0.001845094
92.2	0.003224479
92.3	0.004508039
92.4	0.005667751
92.5	0.006726463
92.6	0.00790219
92.7	0.008969893
92.8	0.009811236
92.9	0.01070393
93	0.01158833
93.1	0.01233421
93.2	0.01282423
93.3	0.01347394
93.4	0.01402045
93.5	0.01441848
93.6	0.01453537
93.7	0.01483187
93.8	0.01498689
93.9	0.01499436
94	0.01472261
94.1	0.01463165
94.2	0.0143988
94.3	0.01401628
94.4	0.01337556
94.5	0.01291726
94.6	0.01231714
94.7	0.01159484
94.8	0.01063424
94.9	0.009909714
95	0.009083879
95.1	0.008157539
95.2	0.00703215
95.3	0.006153393
95.4	0.005208048
95.5	0.004200445
95.6	0.00301021
95.7	0.002107854
95.8	0.001157082
95.9	0.0001729249
96	-0.0009835223
96.1	-0.001805992
96.2	-0.002656317
96.3	-0.003508262
96.4	-0.004518445
96.5	-0.005193283
96.6	-0.005892416
96.7	-0.006566564
96.8	-0.007381706
96.9	-0.007831805
97	-0.008314127
97.1	-0.008784165
97.2	-0.009350091
97.3	-0.009577125
97.4	-0.009832208
97.5	-0.01011352
97.6	-0.01036642
97.7	-0.01037816
97.8	-0.01037688
97.9	-0.01049999
98	-0.01043074
98.1	-0.01020315
98.2	-0.009987202
98.3	-0.009976167
98.4	-0.009567887
98.5	-0.01105261
98.6	-0.01672886
98.7	-0.0257244
98.8	-0.03610233
98.9	-0.04691976
99	-0.05701164
99.1	-0.06532808
99.2	-0.07075481
99.3	-0.07332504
99.4	-0.07295214
99.5	-0.06792467
99.6	-0.05687559
99.7	-0.04159419
99.8	-0.02433526
99.9	-0.006594918
100	0.01010477
100.1	0.02742382
100.2	0.04398731
100.3	0.05887634
100.4	0.07054434
100.5	0.07836743
100.6	0.08203042
100.7	0.08217172
100.8	0.07911507
100.9	0.0735461
101	0.06581641
101.1	0.05418639
101.2	0.03955416
101.3	0.02371587
101.4	0.008476547
101.5	-0.004606736
101.6	-0.01472466
101.7	-0.02133414
101.8	-0.02405713
101.9	-0.02309339
102	-0.01912469
102.1	-0.01300427
102.2	-0.005355699
102.3	0.002842685
102.4	0.01058416
102.5	0.01705826
102.6	0.02201553
102.7	0.02501647
102.8	0.02584289
102.9	0.02452321
103	0.02163959
103.1	0.01746532
103.2	0.01241847
103.3	0.006861289
103.4	0.001685279
103.5	-0.002907041
103.6	-0.006642843
103.7	-0.009476708
103.8	-0.01089437
103.9	-0.01121244
104	-0.01061629
104.1	-0.009475876
104.2	-0.007574292
104.3	-0.005530455
104.4	-0.00363978
104.5	-0.00229299
104.6	-0.001070928
104.7	-0.00051209
104.8	-0.0005945546
104.9	-0.001448923
105	-0.002450065
105.1	-0.003776385
105.2	-0.005381747
105.3	-0.007134074
105.4	-0.008425259
105.5	-0.009543355
105.6	-0.01047303
105.7	-0.01091344
105.8	-0.01080739
105.9	-0.01043394
106	-0.009974292
106.1	-0.009068049
106.2	-0.0079964
106.3	-0.00691714
106.4	-0.006164233
106.5	-0.005211823
106.6	-0.004433367
106.7	-0.003891777
106.8	-0.003732801
106.9	-0.003365143
107	-0.003234808
107.1	-0.003227474
107.2	-0.003247981
107.3	-0.003020819
107.4	-0.002754756
107.5	-0.002567205
107.6	-0.002165813
107.7	-0.001570681
107.8	-0.0009126624
107.9	-0.0004445599
108	0.0003482024
108.1	0.001138099
108.2	0.001885602
108.3	0.002309464
108.4	0.003039459
108.5	0.003658326
108.6	0.004119786
108.7	0.004320821
108.8	0.004762818
108.9	0.00502303
109	0.005183865
109.1	0.005191084
109.2	0.005393334
109.3	0.005446075
109.4	0.005405223
109.5	0.005374527
109.6	0.005517965
109.7	0.005533281
109.8	0.005420883
109.9	0.005402085
110	0.005484218
110.1	0.005489058
110.2	0.005311207
110.3	0.005272646
110.4	0.005236765
110.5	0.005084042
110.6	0.004678109
110.7	0.004472791
110.8	0.004210426
110.9	0.003867396
111	0.00328627
111.1	0.002980508
111.2	0.002607072
111.3	0.002187298
111.4	0.001548594
111.5	0.001241562
111.6	0.0008917662
111.7	0.0005792715
111.8	4.738837E-05
111.9	-0.0001751193
112	-0.0004762675
112.1	-0.0008162463
112.2	-0.001256457
112.3	-0.001397214
112.4	-0.001647698
112.5	-0.001975328
112.6	-0.002409435
112.7	-0.002553784
112.8	-0.002772619
112.9	-0.003114973
113	-0.00345898
113.1	-0.003558959
113.2	-0.003682957
113.3	-0.003969489
113.4	-0.004092264
113.5	-0.004127978
113.6	-0.004103812
113.7	-0.004298978
113.8	-0.00420925
113.9	-0.004124251
114	-0.004053462
114.1	-0.004217775
114.2	-0.004052375
114.3	-0.003897551
114.4	-0.003748
114.5	-0.003796381
114.6	-0.003463875
114.7	-0.003175995
114.8	-0.002981247
114.9	-0.002929646
115	-0.002600943
115.1	-0.002346659
115.2	-0.002215452
115.3	-0.002008169
115.4	-0.001629891
115.5	-0.00131449
115.6	-0.001202566
115.7	-0.0008358811
115.8	-0.0004488097
115.9	-0.0001234236
116	-8.12489E-05
116.1	0.0003153281
116.2	0.0006251352
116.3	0.0008639119
116.4	0.000889111
116.5	0.001270172
116.6	0.001537665
116.7	0.001729226
116.8	0.00174854
116.9	0.002079155
117	0.002357184
117.1	0.002550757
117.2	0.002596222
117.3	0.002798816
117.4	0.002926223
117.5	0.002919801
117.6	0.002931524
117.7	0.003049622
117.8	0.003089936
117.9	0.002949074
118	0.002983368
118.1	0.002995503
118.2	0.002953843
118.3	0.002693986
118.4	0.002714572
118.5	0.002717814
118.6	0.002667489
118.7	0.002393342
118.8	0.002394228
118.9	0.002330781
119	0.00219106
119.1	0.001844816
119.2	0.001786783
119.3	0.001643459
119.4	0.001439767
119.5	0.00103468
119.6	0.0009575372
119.7	0.0007900542
119.8	0.0005632794
119.9	0.0001755397
120	6.029435E-05
120.1	-0.000146921
120.2	-0.0004310972
120.3	-0.0007256292
120.4	-0.0008153097
120.5	-0.0009209773
120.6	-0.00115441
120.7	-0.001289648
120.8	-0.001321529
120.9	-0.001416933
121	-0.001733484
121.1	-0.001809832
121.2	-0.001825608
121.3	-0.00186716
121.4	-0.002100718
121.5	-0.002045799
121.6	-0.00201745
121.7	-0.002008697
121.8	-0.002248839
121.9	-0.002174834
122	-0.002156695
122.1	-0.002161598
122.2	-0.002340222
122.3	-0.002226063
122.4	-0.002164443
122.5	-0.002132091
122.6	-0.002154973
122.7	-0.001985557
122.8	-0.001848199
122.9	-0.001786452
123	-0.001667632
123.1	-0.001439896
123.2	-0.001251683
123.3	-0.001246191
123.4	-0.001041333
123.5	-0.0008351026
123.6	-0.0006730895
123.7	-0.0007214856
123.8	-0.0005200083
123.9	-0.0003435687
124	-0.0002078208
124.1	-0.0002615424
124.2	-9.640571E-06
124.3	0.0001549112
124.4	0.0002773065
124.5	0.0002331339
124.6	0.0004507197
124.7	0.0006135111
124.8	0.0007229823
124.9	0.0007388133
125	0.001010282
125.1	0.001216219
125.2	0.001292517
125.3	0.001405192
125.4	0.001661764
125.5	0.001843414
125.6	0.001814712
125.7	0.001883216
125.8	0.001920355
125.9	0.001920209
126	0.001699051
126.1	0.001718842
126.2	0.08644173
126.3	0.2142882
126.4	0.3059524
126.5	0.3543336
126.6	0.3585327
126.7	0.3244616
126.8	0.2611915
126.9	0.1800105
127	0.09192125
127.1	0.007246289
127.2	-0.06529106
127.3	-0.1198524
127.4	-0.1534208
127.5	-0.1655948
127.6	-0.1575805
127.7	-0.1331127
127.8	-0.09679797
127.9	-0.05400699
128	-0.00961528
128.1	0.03132475
128.2	0.06497809
128.3	0.08874142
128.4	0.1016384
128.5	0.1033582
128.6	0.09495678
128.7	0.07865738
128.8	0.05709955
128.9	0.03287966
129	0.008602793
129.1	-0.01296897
129.2	-0.03022824
129.3	-0.04210171
129.4	-0.04818762
129.5	-0.04822457
129.6	-0.04339741
129.7	-0.03480866
129.8	-0.02394303
129.9	-0.01195891
130	-0.0005712786
130.1	0.009027288
130.2	0.01595224
130.3	0.02008013
130.4	0.02088225
130.5	0.01861744
130.6	0.01409619
130.7	0.007949826
130.8	0.0009448139
130.9	-0.00634753
131	-0.01257387
131.1	-0.01760492
131.2	-0.02104415
131.3	-0.02282039
131.4	-0.02259419
131.5	-0.02093316
131.6	-0.01825433
131.7	-0.01483601
131.8	-0.01105611
131.9	-0.007497967
132	-0.004780408
132.1	-0.00249184
132.2	-0.001120123
132.3	-0.0007169595
132.4	-0.001268134
132.5	-0.002186532
132.6	-0.003546865
132.7	-0.005266699
132.8	-0.006685169
132.9	-0.007686459
133	-0.008333747
133.1	-0.008713654
133.2	-0.00827318
133.3	-0.007473826
133.4	-0.006394587
133.5	-0.005110376
133.6	-0.003457932
133.7	-0.001893391
133.8	-0.0006492697
133.9	0.0006770724
134	0.001709554
134.1	0.002402801
134.2	0.002607839
134.3	0.00300128
134.4	0.003138289
134.5	0.002989591
134.6	0.002848618
134.7	0.002917587
134.8	0.002989673
134.9	0.002873144
135	0.003207987
135.1	0.003661179
135.2	0.004083226
135.3	0.004349088
135.4	0.004987119
135.5	0.005542104
135.6	0.00586648
135.7	0.006163206
135.8	0.006530643
135.9	0.00675855
136	0.006628742
136.1	0.006690107
136.2	0.006657164
136.3	0.006520806
136.4	0.006099447
136.5	0.005932782
136.6	0.005703329
136.7	0.005382653
136.8	0.004978509
136.9	0.004842984
137	0.004634766
137.1	0.004333514
137.2	0.004090742
137.3	0.003969694
137.4	0.00376745
137.5	0.003332673
137.6	0.00313871
137.7	0.002872115
137.8	0.002552912
137.9	0.002013379
138	0.001741374
138.1	0.001407667
138.2	0.0009750801
138.3	0.0004316707
138.4	0.0001455738
138.5	-0.000235361
138.6	-0.000724174
138.7	-0.001014974
138.8	-0.001479353
138.9	-0.005746205
139	-0.01417415
139.1	-0.0249478
139.2	-0.03697788
139.3	-0.04880035
139.4	-0.05948092
139.5	-0.06760551
139.6	-0.07288723
139.7	-0.07514685
139.8	-0.07398814
139.9	-0.06661151
140	-0.05305031
140.1	-0.03217508
140.2	-0.006134541
140.3	0.02161733
140.4	0.04784013
140.5	0.06977103
140.6	0.08627154
140.7	0.09580962
140.8	0.09846826
140.9	0.09486503
141	0.08587772
141.1	0.06926828
141.2	0.04715011
141.3	0.0229493
141.4	-0.0005160841
141.5	-0.02083801
141.6	-0.03642723
141.7	-0.04569129
141.8	-0.04879507
141.9	-0.04621189
142	-0.03895656
142.1	-0.02813298
142.2	-0.01556724
142.3	-0.002971797
142.4	0.00863988
142.5	0.01800556
142.6	0.02438673
142.7	0.02722848
142.8	0.02719114
142.9	0.02432065
143	0.01932016
143.1	0.01286629
143.2	0.006273922
143.3	-4.25483E-05
143.4	-0.005562702
143.5	-0.009593138
143.6	-0.01186011
143.7	-0.01248915
143.8	-0.01184252
143.9	-0.009637152
144	-0.006627849
144.1	-0.00324916
144.2	-6.951195E-05
144.3	0.003055269
144.4	0.005451038
144.5	0.006899629
144.6	0.007475805
144.7	0.007343695
144.8	0.006427067
144.9	0.004748423
145	0.002973929
145.1	0.001109327
145.2	-0.0007221636
145.3	-0.002496097
145.4	-0.003519726
145.5	-0.004109145
145.6	-0.004284204
145.7	-0.004115966
145.8	-0.003399515
145.9	-0.002518238
146	-0.001759318
146.1	-0.0008517317
146.2	-4.440491E-06
146.3	0.0006151306
146.4	0.0007638861
146.5	0.0009999864
146.6	0.0009412029
146.7	0.0006417325
146.8	4.528244E-05
146.9	-0.0002904601
147	-0.0007396378
147.1	-0.001291126
147.2	-0.001642548
147.3	-0.00177095
147.4	-0.001819721
147.5	-0.002046321
147.6	-0.001815842
147.7	-0.00155257
147.8	-0.001282778
147.9	-0.001211982
148	-0.0007948443
148.1	-0.0005392554
148.2	-0.0003878819
148.3	-0.000262405
148.4	-9.100149E-07
148.5	0.0001124676
148.6	-2.992148E-05
148.7	-5.729342E-05
148.8	-0.0001298756
148.9	-0.0003007129
149	-0.0006631861
149.1	-0.0006708754
149.2	-0.00066318
149.3	-0.0007144839
149.4	-0.0007226352
149.5	-0.0005599081
149.6	-0.0003868241
149.7	-0.0004239164
149.8	-0.0002355807
149.9	-2.287738E-05
150	0.0001529493
150.1	0.0001028504
150.2	0.0003435427
150.3	0.0005054878
150.4	0.0005720056
150.5	0.0004729758
150.6	0.0005706225
150.7	0.0006100925
150.8	0.0004462595
150.9	0.0004241386
151	0.0004772774
151.1	0.0005056511
151.2	0.0002728286
151.3	0.0004189154
151.4	0.0005362417
151.5	0.0006357513
151.6	0.0005339481
151.7	0.0007830779
151.8	0.0008928205
151.9	0.0008737434
152	0.0008453373
152.1	0.000943199
152.2	0.0009369323
152.3	0.0007026249
152.4	0.0007453401
152.5	0.000797149
152.6	0.0007948721
152.7	0.0005606151
152.8	0.0006314833
152.9	0.0005076161
153	-3.465878E-05
153.1	-0.0007915024
153.2	-0.00148537
153.3	-0.002217537
153.4	-0.003052138
153.5	-0.003536651
153.6	-0.003856199
153.7	-0.003976722
153.8	-0.004148756
153.9	-0.003868812
154	-0.003593116
154.1	-0.003329166
154.2	-0.003131831
154.3	-0.002731104
154.4	-0.002461769
154.5	-0.00243051
154.6	-0.002338129
154.7	-0.002471306
154.8	-0.00283183
154.9	-0.003500785
155	-0.003870641
155.1	-0.004255353
155.2	-0.004611829
155.3	-0.004891486
155.4	-0.004816567
155.5	-0.004690859
155.6	-0.004640112
155.7	-0.004269276
155.8	-0.003823154
155.9	-0.003398551
156	-0.00318329
156.1	-0.002673709
156.2	-0.002280754
156.3	-0.002046169
156.4	-0.00188553
156.5	-0.00156977
156.6	-0.001396236
156.7	-0.001438469
156.8	-0.001230525
156.9	-0.001025708
157	-0.0008492076
157.1	-0.0008761472
157.2	-0.0005574228
157.3	-0.0002449956
157.4	-3.732197E-05
157.5	0.0001889969
157.6	0.0005336343
157.7	0.0007860656
157.8	0.000822494
157.9	0.001153133
158	0.001466907
158.1	0.001702063
158.2	0.001717306
158.3	0.002048082
158.4	0.00196882
158.5	0.001628727
158.6	0.001245422
158.7	0.0009668148
158.8	0.0006371636
158.9	0.00020577
159	8.001526E-05
159.1	2.343695E-05
159.2	1.715916E-05
159.3	-0.000114717
159.4	-0.0004624651
159.5	-0.001222821
159.6	-0.00224542
159.7	-0.003354231
159.8	-0.004202725
159.9	-0.005032671
160	-0.005795306
160.1	-0.006074843
160.2	-0.006153619
160.3	-0.006049432
160.4	-0.005978884
160.5	-0.005453711
160.6	-0.004948141
160.7	-0.004551189
160.8	-0.0041897
160.9	-0.003749205
161	-0.003489111
161.1	-0.003519321
161.2	-0.003347043
161.3	-0.003292286
161.4	-0.003353001
161.5	-0.003600406
161.6	-0.003575308
161.7	-0.003588762
161.8	-0.003691773
161.9	-0.003627058
162	-0.003393894
162.1	-0.003123408
162.2	-0.002988782
162.3	-0.002510606
162.4	-0.00204041
162.5	-0.001647059
162.6	-0.001337957
162.7	-0.0008481618
162.8	-0.000436189
162.9	-0.0002657273
163	6.114604E-05
163.1	0.0003142983
163.2	0.0005186328
163.3	0.0005083847
163.4	0.0008335629
163.5	0.001117098
163.6	0.001277757
163.7	0.001451241
163.8	0.001732401
163.9	0.001924428
164	0.001916859
164.1	0.002196188
164.2	0.002455476
164.3	0.002667605
164.4	0.002659876
164.5	0.002892077
164.6	0.003049215
164.7	0.003043124
164.8	0.003064216
164.9	0.003197953
165	0.003268388
165.1	0.003103664
165.2	0.003145151
165.3	0.003135563
165.4	0.003076212
165.5	0.002847019
165.6	0.002883159
165.7	0.002863281
165.8	0.002729537
165.9	0.002629072
166	0.002630977
166.1	0.002571552
166.2	0.002300301
166.3	0.002282524
166.4	0.00217757
166.5	0.002044007
166.6	0.001705529
166.7	0.001641074
166.8	0.001462857
166.9	0.001177361
167	0.0009359596
167.1	0.0008113628
167.2	0.0005888512
167.3	0.000238658
167.4	0.0001354285
167.5	1.629817E-05
167.6	-0.000169432
167.7	-0.0005513472
167.8	-0.0006101611
167.9	-0.001273178
168	-0.002463433
168.1	-0.003913136
168.2	-0.005181019
168.3	-0.006463133
168.4	-0.007709966
168.5	-0.008447612
168.6	-0.008921286
168.7	-0.009104562
168.8	-0.009156098
168.9	-0.008727202
169	-0.00822472
169.1	-0.007714014
169.2	-0.007208673
169.3	-0.006595917
169.4	-0.006175648
169.5	-0.005984055
169.6	-0.005681041
169.7	-0.005542137
169.8	-0.005538342
169.9	-0.005763875
170	-0.00570954
170.1	-0.005662091
170.2	-0.005693622
170.3	-0.005483145
170.4	-0.005171814
170.5	-0.004799313
170.6	-0.004583749
170.7	-0.00396148
170.8	-0.003361126
170.9	-0.002939899
171	-0.002456832
171.1	-0.00183505
171.2	-0.00125966
171.3	-0.0009323696
171.4	-0.0003190392
171.5	0.0001906463
171.6	0.0005701923
171.7	0.0008033655
171.8	0.001250158
171.9	0.001619868
172	0.001807875
172.1	0.002137396
172.2	0.00255248
172.3	0.002888644
172.4	0.003010446
172.5	0.003370042
172.6	0.003668852
172.7	0.003859798
172.8	0.004065675
172.9	0.004351292
173	0.004538208
173.1	0.004557712
173.2	0.00482485
173.3	0.005001391
173.4	0.005077847
173.5	0.004974778
173.6	0.00511159
173.7	0.005155233
173.8	0.005101513
173.9	0.004971182
174	0.004919741
174.1	0.004782178
174.2	0.004440055
174.3	0.004349602
174.4	0.00419416
174.5	0.003989291
174.6	0.003618857
174.7	0.003520655
174.8	0.003301993
174.9	0.002993691
175	0.002694599
175.1	0.002506949
175.2	0.002246243
175.3	0.001787555
175.4	0.001567443
175.5	0.001312233
175.6	0.00100134
175.7	0.0004871726
175.8	0.0002644764
175.9	1.849866E-05
176	-0.0002633829
176.1	-0.0006193146
176.2	-0.0007739102
176.3	-0.001065324
176.4	-0.001506347
176.5	-0.001708527
176.6	-0.001867649
176.7	-0.002027391
176.8	-0.002369107
176.9	-0.002397642
177	-0.002555544
177.1	-0.00281163
177.2	-0.003023313
177.3	-0.003052276
177.4	-0.003165535
177.5	-0.003407608
177.6	-0.003425251
177.7	-0.0034528
177.8	-0.003477761
177.9	-0.003648885
178	-0.003545725
178.1	-0.003483124
178.2	-0.003546643
178.3	-0.003551746
178.4	-0.003413429
178.5	-0.003320862
178.6	-0.003429838
178.7	-0.003196236
178.8	-0.002964342
178.9	-0.00275643
179	-0.002690777
179.1	-0.0024187
179.2	-0.002174109
179.3	-0.002138413
179.4	-0.001938421
179.5	-0.001682094
179.6	-0.001501334
179.7	-0.001487286
179.8	-0.001227275
179.9	-0.001056118
180	-0.0009117657
180.1	-0.0007906786
180.2	-0.0005052777
180.3	-0.0002048774
180.4	-0.0001268144
180.5	0.0002255366
180.6	0.0005689267
180.7	0.0008820492
180.8	0.0009817281
180.9	0.001314467
181	0.001464732
181.1	0.001476545
181.2	0.00156952
181.3	0.001723792
181.4	0.001832168
181.5	0.001807583
181.6	0.002028994
181.7	0.002185211
181.8	0.002225315
181.9	0.002125408
182	0.002293948
182.1	0.002394674
182.2	0.002362369
182.3	0.002422982
182.4	0.002532162
182.5	0.00259125
182.6	0.002401054
182.7	0.002463189
182.8	0.02672656
182.9	0.1644841
183	0.2678963
183.1	0.3261881
183.2	0.3374112
183.3	0.3074738
183.4	0.2468297
183.5	0.1672637
183.6	0.08114768
183.7	-0.0001185717
183.8	-0.06746567
183.9	-0.115302
184	-0.1412285
184.1	-0.1450283
184.2	-0.1298687
184.3	-0.1003618
184.4	-0.06170451
184.5	-0.01971416
184.6	0.02012543
184.7	0.05326415
184.8	0.07734291
184.9	0.09038582
185	0.0923934
185.1	0.08463354
185.2	0.0694856
185.3	0.04945864
185.4	0.02738162
185.5	0.006348646
185.6	-0.0117224
185.7	-0.02532604
185.8	-0.03361066
185.9	-0.03619518
186	-0.03378746
186.1	-0.02763805
186.2	-0.01867849
186.3	-0.00864537
186.4	0.001104384
186.5	0.009297729
186.6	0.01555695
186.7	0.01893272
186.8	0.01934866
186.9	0.01735073
187	0.01330916
187.1	0.007803174
187.2	0.001493056
187.3	-0.00442616
187.4	-0.009679731
187.5	-0.01385165
187.6	-0.01641442
187.7	-0.01743939
187.8	-0.01711673
187.9	-0.01583676
188	-0.01353996
188.1	-0.01092924
188.2	-0.008553913
188.3	-0.006320025
188.4	-0.004696865
188.5	-0.003709884
188.6	-0.003639634
188.7	-0.004084808
188.8	-0.005094123
188.9	-0.006670606
189	-0.007995714
189.1	-0.009215166
189.2	-0.01025389
189.3	-0.01100082
189.4	-0.01114693
189.5	-0.01095858
189.6	-0.01226288
189.7	-0.01849811
189.8	-0.028599
189.9	-0.04108132
190	-0.05385144
190.1	-0.06522182
190.2	-0.07418264
190.3	-0.07997018
190.4	-0.08186262
190.5	-0.08038278
190.6	-0.07450141
190.7	-0.06123838
190.8	-0.04320058
190.9	-0.0232542
191	-0.004090798
191.1	0.01301251
191.2	0.03038012
191.3	0.0468106
191.4	0.06108968
191.5	0.07178432
191.6	0.07821116
191.7	0.08047808
191.8	0.07937356
191.9	0.0754771
192	0.06977648
192.1	0.0631106
192.2	0.05200661
192.3	0.03746
192.4	0.02184117
192.5	0.00728631
192.6	-0.004589412
192.7	-0.0130346
192.8	-0.01723255
192.9	-0.01745853
193	-0.01433787
193.1	-0.008442423
193.2	-0.0009793378
193.3	0.006738831
193.4	0.01370706
193.5	0.0196629
193.6	0.02368183
193.7	0.02549179
193.8	0.0253401
193.9	0.02341248
194	0.02009619
194.1	0.01559178
194.2	0.01109857
194.3	0.00671291
194.4	0.0028125
194.5	4.143221E-06
194.6	-0.001729774
194.7	-0.002538569
194.8	-0.002659222
194.9	-0.001850301
195	-0.0006301743
195.1	0.0007218369
195.2	0.002050933
195.3	0.003199647
195.4	0.003828984
195.5	0.003722667
195.6	0.003351953
195.7	0.002423775
195.8	0.00103234
195.9	-0.0006972015
196	-0.002275913
196.1	-0.003724819
196.2	-0.005173136
196.3	-0.006270266
196.4	-0.00707767
196.5	-0.007628953
196.6	-0.008042809
196.7	-0.007914386
196.8	-0.007628576
196.9	-0.007536061
197	-0.007142134
197.1	-0.006944195
197.2	-0.006882841
197.3	-0.006892219
197.4	-0.006803816
197.5	-0.006986817
197.6	-0.007421021
197.7	-0.007574555
197.8	-0.007868723
197.9	-0.0081648
198	-0.008233953
198.1	-0.008136366
198.2	-0.008015372
198.3	-0.008028448
198.4	-0.007665239
198.5	-0.007304974
198.6	-0.007083205
198.7	-0.006726398
198.8	-0.00632728
198.9	-0.005872376
199	-0.005528063
199.1	-0.005060466
199.2	-0.004653295
199.3	-0.004456319
199.4	-0.004040501
199.5	-0.003676075
199.6	-0.003395353
199.7	-0.003075691
199.8	-0.002590427
199.9	-0.00213087
200	-0.001864421
200.1	-0.001351117
200.2	-0.001002212
200.3	-0.0006513998
200.4	-0.0002816087
200.5	0.0001808189
200.6	0.0006600503
200.7	0.001062753
200.8	0.001779528
200.9	0.00227348
201	0.00260281
201.1	0.003094005
201.2	0.003474389
201.3	0.003588488
201.4	0.003694362
201.5	0.004052666
201.6	0.004288638
201.7	0.004326243
201.8	0.004685388
201.9	0.004937631
202	0.005128217
202.1	0.005227779
202.2	0.005256787
202.3	0.00534858
202.4	0.005147604
202.5	0.005338373
202.6	0.005382862
202.7	0.0053803
202.8	0.005349635
202.9	0.005438208
203	0.005405925
203.1	0.005242609
203.2	0.005204305
203.3	0.004958415
203.4	0.004569036
203.5	0.004293611
203.6	0.004026636
203.7	0.003768498
203.8	0.003361193
203.9	0.003247286
204	0.003076687
204.1	0.002755516
204.2	0.0025271
204.3	0.002380073
204.4	0.002086762
204.5	0.001735533
204.6	0.001563131
204.7	0.001328422
204.8	0.000900834
204.9	0.0005575425
205	0.0004095214
205.1	0.0001543568
205.2	-0.00036891
205.3	-0.0004332106
205.4	-0.0005821328
205.5	-0.0008828028
205.6	-0.001162059
205.7	-0.001396146
205.8	-0.00157558
205.9	-0.002022592
206	-0.002087637
206.1	-0.002194385
206.2	-0.002416806
206.3	-0.002494735
206.4	-0.002575035
206.5	-0.0028291
206.6	-0.003205748
206.7	-0.003229605
206.8	-0.003235961
206.9	-0.003270657
207	-0.003278215
207.1	-0.003168838
207.2	-0.003132405
207.3	-0.003352506
207.4	-0.003267473
207.5	-0.00325038
207.6	-0.003442178
207.7	-0.003401995
207.8	-0.00329779
207.9	-0.003300821
208	-0.003378578
208.1	-0.00308674
208.2	-0.002929746
208.3	-0.002839909
208.4	-0.002490632
208.5	-0.002202377
208.6	-0.002085491
208.7	-0.001966715
208.8	-0.001675397
208.9	-0.001564847
209	-0.001686473
209.1	-0.001562812
209.2	-0.001436018
209.3	-0.001501055
209.4	-0.001385513
209.5	-0.001262939
209.6	-0.001178351
209.7	-0.001194445
209.8	-0.000887582
209.9	-0.0006236778
210	-0.1076743
210.1	0.02044947
210.2	0.1634856
210.3	0.266602
210.4	0.3181755
210.5	0.3204919
210.6	0.2790161
210.7	0.2053138
210.8	0.1153211
210.9	0.02435818
211	-0.05474579
211.1	-0.1123599
211.2	-0.1443323
211.3	-0.1506515
211.4	-0.13398
211.5	-0.1004781
211.6	-0.05741566
211.7	-0.01200045
211.8	0.02930519
211.9	0.06152321
212	0.08182666
212.1	0.08975735
212.2	0.08579312
212.3	0.07253058
212.4	0.05374558
212.5	0.03240886
212.6	0.01180948
212.7	-0.005055161
212.8	-0.01682598
212.9	-0.02277671
213	-0.02284265
213.1	-0.01796517
213.2	-0.009794152
213.3	0.0001767968
213.4	0.01064456
213.5	0.01987289
213.6	0.02670905
213.7	0.03096227
213.8	0.0322504
213.9	0.0307902
214	0.02737034
214.1	0.02253409
214.2	0.01684165
214.3	0.0112748
214.4	0.006706476
214.5	0.003256297
214.6	0.0009438734
214.7	0.0003023179
214.8	0.000849804
214.9	0.002021006
215	0.003727335
215.1	0.00547309
215.2	0.006978353
215.3	0.007955077
215.4	0.008510629
215.5	0.008384651
215.6	0.007419388
215.7	0.006314181
215.8	0.004764237
215.9	0.002913411
216	0.001092102
216.1	-0.00041748
216.2	-0.001849726
216.3	-0.003073517
216.4	-0.003827407
216.5	-0.004324567
216.6	-0.004730757
216.7	-0.004658012
216.8	-0.004735894
216.9	-0.004687672
217	-0.004617329
217.1	-0.004581501
217.2	-0.004775993
217.3	-0.005328221
217.4	-0.005705853
217.5	-0.006144503
217.6	-0.006777793
217.7	-0.007239465
217.8	-0.007698065
217.9	-0.008326094
218	-0.008701499
218.1	-0.008799367
218.2	-0.008864068
218.3	-0.008978102
218.4	-0.008939209
218.5	-0.008879482
218.6	-0.009012715
218.7	-0.008748027
218.8	-0.008531373
218.9	-0.00852696
219	-0.008320061
219.1	-0.008211907
219.2	-0.008299067
219.3	-0.00828314
219.4	-0.008005075
219.5	-0.007796323
219.6	-0.007612414
219.7	-0.007310455
219.8	-0.007042878
219.9	-0.006937957
220	-0.00655572
220.1	-0.006210963
220.2	-0.0060836
220.3	-0.005696066
220.4	-0.005293048
220.5	-0.005047888
220.6	-0.004554251
220.7	-0.003955611
220.8	-0.003535173
220.9	-0.003012278
221	-0.00252189
221.1	-0.002029572
221.2	-0.001885303
221.3	-0.001487631
221.4	-0.001347276
221.5	-0.001170438
221.6	-0.000683665
221.7	-0.00035143
221.8	-0.0002918184
221.9	9.255714E-05
222	0.0005473157
222.1	0.0009807819
222.2	0.001563885
222.3	0.002128035
222.4	0.002621688
222.5	0.002869452
222.6	0.0002926431
222.7	-0.008589205
222.8	-0.02180744
222.9	-0.03691684
223	-0.05148149
223.1	-0.06410273
223.2	-0.07295943
223.3	-0.07754226
223.4	-0.07821409
223.5	-0.07414135
223.6	-0.05681358
223.7	-0.02795016
223.8	0.006910586
223.9	0.04285121
224	0.0747859
224.1	0.09913145
224.2	0.1142532
224.3	0.1192132
224.4	0.1160024
224.5	0.1037796
224.6	0.08130048
224.7	0.05293117
224.8	0.02336334
224.9	-0.003296336
225	-0.02411182
225.1	-0.03743274
225.2	-0.04233923
225.3	-0.0398116
225.4	-0.03161713
225.5	-0.01919395
225.6	-0.005127796
225.7	0.008413365
225.8	0.01995745
225.9	0.02823704
226	0.03251212
226.1	0.03275087
226.2	0.02977735
226.3	0.02420014
226.4	0.01694106
226.5	0.009478199
226.6	0.002547691
226.7	-0.003263918
226.8	-0.007196799
226.9	-0.009020311
227	-0.00906658
227.1	-0.007750332
227.2	-0.005083891
227.3	-0.002253089
227.4	0.0005280299
227.5	0.003151256
227.6	0.004863491
227.7	0.005554448
227.8	0.005402419
227.9	0.00441965
228	0.002738782
228.1	0.0006425133
228.2	-0.001547572
228.3	-0.003486571
228.4	-0.005340666
228.5	-0.006362488
228.6	-0.006903394
228.7	-0.007138452
228.8	-0.006909618
228.9	-0.006408451
229	-0.005846108
229.1	-0.005370793
229.2	-0.004773212
229.3	-0.004513251
229.4	-0.004469194
229.5	-0.004348405
229.6	-0.004669124
229.7	-0.005237591
229.8	-0.005677113
229.9	-0.006083779
230	-0.006681199
230.1	-0.007084399
230.2	-0.007101484
230.3	-0.007063032
230.4	-0.007036587
230.5	-0.006736711
230.6	-0.006453592
230.7	-0.006355446
230.8	-0.005991403
230.9	-0.005691528
231	-0.005600254
231.1	-0.005349083
231.2	-0.005017506
231.3	-0.004835494
231.4	-0.004652216
231.5	-0.004395444
231.6	-0.004278631
231.7	-0.004209784
231.8	-0.004013185
231.9	-0.003721139
232	-0.003606272
232.1	-0.003247868
232.2	-0.002924497
232.3	-0.002794823
232.4	-0.002412676
232.5	-0.001938263
232.6	-0.001703288
232.7	-0.001424694
232.8	-0.0009423262
232.9	-0.0005464993
233	-0.0004998362
233.1	-0.0002438383
233.2	-4.284084E-06
233.3	0.0001562231
233.4	0.0005704962
233.5	0.0009721047
233.6	0.001186974
233.7	0.001682425
233.8	0.00188793
233.9	0.001849283
234	0.001910286
234.1	0.002061661
234.2	0.002163487
234.3	0.00209904
234.4	0.002369501
234.5	0.002701327
234.6	0.002857543
234.7	0.003237355
234.8	0.003458429
234.9	0.003560395
235	0.003895845
235.1	0.004049328
235.2	0.003979483
235.3	0.003867702
235.4	0.003774442
235.5	0.003764118
235.6	0.003534674
235.7	0.003584909
235.8	0.003563084
235.9	0.003415894
236	0.003548832
236.1	0.00354697
236.2	0.003451945
236.3	0.003464048
236.4	0.003455546
236.5	0.003374606
236.6	0.003179723
236.7	0.003129469
236.8	0.002974016
236.9	0.002683307
237	0.002641859
237.1	0.002390533
237.2	0.001976167
237.3	0.001870865
237.4	0.001859715
237.5	0.001711405
237.6	0.001532692
237.7	0.001503772
237.8	0.00137442
237.9	0.001109193
238	0.0009305544
238.1	0.0007405524
238.2	0.0005116716
238.3	0.0004344117
238.4	0.0002820871
238.5	4.37666E-05
238.6	-1.610594E-05
238.7	-7.503532E-05
238.8	-0.0002449949
238.9	-0.0004370607
239	-0.0004490371
239.1	-0.0005840509
239.2	-0.0009550476
239.3	-0.001060355
239.4	-0.001120859
239.5	-0.001225911
239.6	-0.001150338
239.7	-0.001132493
239.8	-0.001294311
239.9	-0.001401215
240	-0.001502467
240.1	-0.001597996
240.2	-0.001735569
240.3	-0.001888456
240.4	-0.002106357
240.5	-0.002348339
240.6	-0.00225404
240.7	-0.002270588
240.8	-0.002447547
240.9	-0.00248493
241	-0.002411261
241.1	-0.002319349
241.2	-0.002339638
241.3	-0.002226976
241.4	-0.001963683
241.5	-0.00183597
241.6	-0.001561189
241.7	-0.001574706
241.8	-0.001721428
241.9	-0.001573942
242	-0.001514155
242.1	-0.001569661
242.2	-0.001608534
242.3	-0.001591596
242.4	-0.001597956
242.5	-0.001681929
242.6	-0.00143338
242.7	-0.001399616
242.8	-0.001521703
242.9	-0.00131184
243	-0.001117397
243.1	-0.001057795
243.2	-0.000816599
243.3	-0.0007568754
243.4	-0.05922937
243.5	-0.2288584
243.6	-0.3494465
243.7	-0.09053516
243.8	0.1798223
243.9	0.377523
244	0.4699243
244.1	0.4640331
244.2	0.3809712
244.3	0.2489176
244.4	0.09909821
244.5	-0.03972419
244.6	-0.1472041
244.7	-0.2119351
244.8	-0.231049
244.9	-0.2097516
245	-0.1586316
245.1	-0.09028734
245.2	-0.01862566
245.3	0.04462515
245.4	0.09133462
245.5	0.1171203
245.6	0.1217619
245.7	0.1087459
245.8	0.08307087
245.9	0.05113116
246	0.01933122
246.1	-0.00742228
246.2	-0.02613238
246.3	-0.03478589
246.4	-0.03413055
246.5	-0.02590466
246.6	-0.01212042
246.7	0.003825797
246.8	0.01926182
246.9	0.03247542
247	0.04144578
247.1	0.04570381
247.2	0.04576556
247.3	0.04202765
247.4	0.0357224
247.5	0.02844296
247.6	0.02117716
247.7	0.01498498
247.8	0.01064625
247.9	0.008430207
248	0.008062066
248.1	0.009465676
248.2	0.01194645
248.3	0.01489633
248.4	0.01794658
248.5	0.02036443
248.6	0.02189094
248.7	0.02252742
248.8	0.0222723
248.9	0.0208574
249	0.01882609
249.1	0.01675505
249.2	0.01448768
249.3	0.01225482
249.4	0.01048748
249.5	0.008946739
249.6	0.007832239
249.7	0.007349692
249.8	0.007130794
249.9	0.006971537
250	0.007072527
250.1	0.007093672
250.2	0.006795738
250.3	0.006506851
250.4	0.005888193
250.5	0.005003543
250.6	0.003966314
250.7	0.002878297
250.8	0.001629518
250.9	0.0004213374
251	-0.0007079934
251.1	-0.001631558
251.2	-0.002558948
251.3	-0.003140256
251.4	-0.003517509
251.5	-0.004074347
251.6	-0.004309879
251.7	-0.004638823
251.8	-0.005115052
251.9	-0.005448149
252	-0.006042698
252.1	-0.006628863
252.2	-0.007174743
252.3	-0.007676588
252.4	-0.008422167
252.5	-0.008931283
252.6	-0.009243106
252.7	-0.0095937
252.8	-0.009919408
252.9	-0.0100777
253	-0.01037857
253.1	-0.01050475
253.2	-0.01049616
253.3	-0.01064104
253.4	-0.01079285
253.5	-0.01090924
253.6	-0.01085185
253.7	-0.01099115
253.8	-0.01098081
253.9	-0.01111203
254	-0.01129477
254.1	-0.0112604
254.2	-0.01683883
254.3	-0.02914753
254.4	-0.04513802
254.5	-0.06204544
254.6	-0.07730071
254.7	-0.08886977
254.8	-0.09580951
254.9	-0.09798724
255	-0.09543222
255.1	-0.08923313
255.2	-0.07617929
255.3	-0.05591502
255.4	-0.02695999
255.5	0.006678779
255.6	0.03989116
255.7	0.06781345
255.8	0.08735535
255.9	0.09748182
256	0.09857277
256.1	0.09213038
256.2	0.08121548
256.3	0.06790851
256.4	0.0487894
256.5	0.02636201
256.6	0.004404709
256.7	-0.01393368
256.8	-0.0261386
256.9	-0.03148998
257	-0.03049091
257.1	-0.02397028
257.2	-0.01398413
257.3	-0.002670701
257.4	0.008249653
257.5	0.01718277
257.6	0.02301827
257.7	0.02574137
257.8	0.02541467
257.9	0.02250555
258	0.01803991
258.1	0.01287987
258.2	0.007803424
258.3	0.003827781
258.4	0.001338419
258.5	0.0001843822
258.6	0.000499065
258.7	0.00180113
258.8	0.003770414
258.9	0.006171855
259	0.008518782
259.1	0.01036925
259.2	0.01151782
259.3	0.01211924
259.4	0.01180036
259.5	0.01078962
259.6	0.00958579
259.7	0.008182078
259.8	0.006659133
259.9	0.005621254
260	0.00474892
260.1	0.004103929
260.2	0.003993106
260.3	0.004099157
260.4	0.004147294
260.5	0.004584554
260.6	0.00485071
260.7	0.00468809
260.8	0.004573725
260.9	0.004349739
261	0.003806211
261.1	0.003391271
261.2	0.002958402
261.3	0.002276066
261.4	0.001776095
261.5	0.001413427
261.6	0.0008043133
261.7	0.0004538724
261.8	0.0002204223
261.9	-3.902343E-05
262	-0.0001840945
262.1	-0.0001876142
262.2	-0.00022944
262.3	-0.0005276351
262.4	-0.0005879668
262.5	-0.0008437427
262.6	-0.001188534
262.7	-0.001446853
262.8	-0.00178329
262.9	-0.002296001
263	-0.002543088
263.1	-0.002851253
263.2	-0.003359854
263.3	-0.003547974
263.4	-0.003644396
263.5	-0.003847071
263.6	-0.00388216
263.7	-0.003637041
263.8	-0.003722577
263.9	-0.003583433
264	-0.003552282
264.1	-0.003827203
264.2	-0.003861868
264.3	-0.003967876
264.4	-0.004209701
264.5	-0.004378698
264.6	-0.004494692
264.7	-0.004617376
264.8	-0.004641892
264.9	-0.004517777
265	-0.004383952
265.1	-0.004352652
265.2	-0.004156427
265.3	-0.004077679
265.4	-0.003980779
265.5	-0.003888309
265.6	-0.003793704
265.7	-0.003861974
265.8	-0.003878274
265.9	-0.003928135
266	-0.003995732
266.1	-0.003898269
266.2	-0.003734167
266.3	-0.003747773
266.4	-0.003440777
266.5	-0.003165585
266.6	-0.002938198
266.7	-0.002606943
266.8	-0.002311429
266.9	-0.002203045
267	-0.002029228
267.1	-0.001823505
267.2	-0.001772184
267.3	-0.001500206
267.4	-0.001209826
267.5	-0.001106702
267.6	-0.0009911468
267.7	-0.0009371513
267.8	-0.0009933715
267.9	-0.0006900931
268	-0.0003493619
268.1	-0.0003545697
268.2	-0.0001530702
268.3	1.677574E-05
268.4	4.220878E-05
268.5	0.0002826466
268.6	0.0005719244
