Time	Aircraft Simulation Yaw Rate
0.1	0.0006015931
0.2	0.001053698
0.3	0.001294814
0.4	0.001313706
0.5	0.001075348
0.6	0.0007371985
0.7	0.000329974
0.8	-0.0001084378
0.9	-0.0004205359
1	-0.0006391996
1.1	-0.0007475936
1.2	-0.0006746471
1.3	-0.0005390677
1.4	-0.0003418075
1.5	-7.884503E-05
1.6	0.0001145984
1.7	0.0002766889
1.8	0.001599829
1.9	0.00918512
2	0.02191937
2.1	0.03648629
2.2	0.0507084
2.3	0.06248276
2.4	0.06980003
2.5	0.07255074
2.6	0.07047022
2.7	0.06466264
2.8	0.05536706
2.9	0.0391675
3	0.01908017
3.1	-0.001122087
3.2	-0.01824471
3.3	-0.02998305
3.4	-0.03519591
3.5	-0.03455381
3.6	-0.03451699
3.7	-0.03573796
3.8	-0.03862723
3.9	-0.04202029
4	-0.04593211
4.1	-0.04942515
4.2	-0.05218229
4.3	-0.05347741
4.4	-0.05363765
4.5	-0.05217735
4.6	-0.04400806
4.7	-0.03005402
4.8	-0.01328
4.9	0.003193162
5	0.01673254
5.1	0.02782744
5.2	0.0404826
5.3	0.05235288
5.4	0.06154525
5.5	0.06737932
5.6	0.06875734
5.7	0.06646665
5.8	0.06143701
5.9	0.05448696
6	0.04719291
6.1	0.03789927
6.2	0.02429527
6.3	0.008792891
6.4	-0.005934048
6.5	-0.01751839
6.6	-0.02460423
6.7	-0.02682942
6.8	-0.02437741
6.9	-0.01837199
7	-0.01039545
7.1	-0.001834667
7.2	0.005782117
7.3	0.01129947
7.4	0.01429069
7.5	0.01456385
7.6	0.01240922
7.7	0.00864673
7.8	0.004046611
7.9	-0.0005781557
8	-0.004405783
8.1	-0.006974545
8.2	-0.008076777
8.3	-0.007725381
8.4	-0.006185688
8.5	-0.003875596
8.6	-0.001307886
8.7	0.001115512
8.8	0.003036095
8.9	0.004133269
9	0.00444969
9.1	0.004050988
9.2	0.002969425
9.3	-0.0008643106
9.4	-0.01125166
9.5	-0.02580974
9.6	-0.041244
9.7	-0.05545115
9.8	-0.06613111
9.9	-0.07218003
10	-0.0735356
10.1	-0.07036415
10.2	-0.06389626
10.3	-0.05279321
10.4	-0.03494455
10.5	-0.01406161
10.6	0.005994299
10.7	0.02223284
10.8	0.03262538
10.9	0.03626762
11	0.03364822
11.1	0.02604679
11.2	0.01535482
11.3	0.003803432
11.4	-0.006711006
11.5	-0.01467052
11.6	-0.0190966
11.7	-0.01987101
11.8	-0.0173897
11.9	-0.0124503
12	-0.006271685
12.1	1.453613E-05
12.2	0.00542501
12.3	0.009154111
12.4	0.01090687
12.5	0.01068634
12.6	0.008758693
12.7	0.00574146
12.8	0.002245945
12.9	-0.001130478
13	-0.003809446
13.1	-0.005511788
13.2	-0.006103201
13.3	-0.005601435
13.4	-0.004104583
13.5	0.002933836
13.6	0.01622304
13.7	0.03211559
13.8	0.0483487
13.9	0.06222323
14	0.07116646
14.1	0.07542393
14.2	0.07391953
14.3	0.06810262
14.4	0.05944198
14.5	0.04455125
14.6	0.02469618
14.7	0.002871475
14.8	-0.0226671
14.9	-0.04826175
15	-0.06936988
15.1	-0.08382612
15.2	-0.0904151
15.3	-0.08898439
15.4	-0.08125304
15.5	-0.06883274
15.6	-0.05503741
15.7	-0.04105256
15.8	-0.02319487
15.9	-0.004239679
16	0.0126248
16.1	0.02513344
16.2	0.03178018
16.3	0.03239695
16.4	0.02782549
16.5	0.01941948
16.6	0.009145149
16.7	-0.001061507
16.8	-0.009702191
16.9	-0.01551891
17	-0.0179875
17.1	-0.01731572
17.2	-0.01393557
17.3	-0.008798222
17.4	-0.00306659
17.5	0.002379913
17.6	0.00666565
17.7	0.009227789
17.8	0.01000027
17.9	0.009052138
18	0.006778533
18.1	0.003789572
18.2	0.0005891098
18.3	-0.002220148
18.4	-0.004264631
18.5	-0.005374854
18.6	-0.005423264
18.7	-0.004617376
18.8	-0.003226517
18.9	-0.001458734
19	0.0002465489
19.1	0.001645848
19.2	0.002651439
19.3	0.003029739
19.4	0.002868748
19.5	0.002340725
19.6	0.001441898
19.7	0.0004601661
19.8	-0.0003981365
19.9	-0.001146826
20	-0.001572459
20.1	-0.001651486
20.2	-0.001520308
20.3	-0.001127014
20.4	-0.0006107534
20.5	-9.480082E-05
20.6	0.0003900303
20.7	0.0007251715
20.8	0.0008931825
20.9	0.0009173595
21	0.0007612468
21.1	0.0005251456
21.2	0.000248872
21.3	-6.457321E-05
21.4	-0.0002817046
21.5	-0.0004320264
21.6	-0.0005290163
21.7	-0.000468644
21.8	-0.0003720013
21.9	-0.000260354
22	-5.392043E-05
22.1	8.480262E-05
22.2	0.0001712138
22.3	0.0002858698
22.4	0.0002843665
22.5	0.00277848
22.6	0.01194976
22.7	0.02526805
22.8	0.04008063
22.9	0.05403841
23	0.06477369
23.1	0.07081982
23.2	0.07240801
23.3	0.06942692
23.4	0.06263448
23.5	0.05182489
23.6	0.03433426
23.7	0.01392502
23.8	-0.006609914
23.9	-0.02958474
24	-0.05159143
24.1	-0.06956765
24.2	-0.08099712
24.3	-0.08564743
24.4	-0.08301678
24.5	-0.07522549
24.6	-0.06434608
24.7	-0.05200237
24.8	-0.03980267
24.9	-0.02378558
25	-0.0063403
25.1	0.00965104
25.2	0.02181263
25.3	0.02869623
25.4	0.03006839
25.5	0.02643937
25.6	0.01909067
25.7	0.009808067
25.8	0.0002769949
25.9	-0.007949342
26	-0.01368488
26.1	-0.01643219
26.2	-0.01618027
26.3	-0.0133686
26.4	-0.008840027
26.5	-0.003551535
26.6	0.006356494
26.7	0.02122913
26.8	0.03852289
26.9	0.05434053
27	0.06655945
27.1	0.07423595
27.2	0.0762286
27.3	0.07306325
27.4	0.06601959
27.5	0.05623595
27.6	0.04163139
27.7	0.02244832
27.8	0.002465846
27.9	-0.0149675
28	-0.02752358
28.1	-0.03388654
28.2	-0.03386082
28.3	-0.02846571
28.4	-0.01934299
28.5	-0.00839157
28.6	0.002283869
28.7	0.01102062
28.8	0.01679774
28.9	0.0190301
29	0.01786223
29.1	0.01407909
29.2	0.008579066
29.3	0.002452264
29.4	-0.003113702
29.5	-0.007388084
29.6	-0.009906548
29.7	-0.01043643
29.8	-0.009230254
29.9	-0.006745934
30	-0.003531335
30.1	-0.0002117411
30.2	0.002652384
30.3	0.004667347
30.4	0.00567046
30.5	0.005618641
30.6	0.004643342
30.7	0.00311266
30.8	0.001305772
30.9	-0.0005048578
31	-0.001910058
31.1	-0.002804918
31.2	-0.003195844
31.3	-0.002945466
31.4	-0.002260094
31.5	-0.001390758
31.6	-0.000347428
31.7	0.0005957333
31.8	0.00124091
31.9	0.001663165
32	0.001747955
32.1	0.001496915
32.2	0.001091493
32.3	0.0005615924
32.4	-6.254031E-06
32.5	-0.0004688028
32.6	-0.0007911636
32.7	-0.0009457205
32.8	-0.0009350723
32.9	-0.000764806
33	-0.0004849498
33.1	-0.0002082756
33.2	9.124054E-05
33.3	0.000357353
33.4	0.0004595286
33.5	0.0005222051
33.6	0.0005227315
33.7	0.0003507799
33.8	0.0002115441
33.9	8.636151E-05
34	-0.0001272139
34.1	-0.0002202078
34.2	-0.0002489064
34.3	-0.0003103057
34.4	-0.00025203
34.5	-0.0001551692
34.6	-0.0001051468
34.7	1.163235E-06
34.8	9.380507E-05
34.9	0.0001242622
35	-0.0003590054
35.1	-0.006886607
35.2	-0.01826501
35.3	-0.03264601
35.4	-0.0470162
35.5	-0.05908458
35.6	-0.06784698
35.7	-0.07168367
35.8	-0.07094443
35.9	-0.06698542
36	-0.05932777
36.1	-0.04472511
36.2	-0.02514914
36.3	-0.00438648
36.4	0.01410767
36.5	0.02767527
36.6	0.03488844
36.7	0.0355146
36.8	0.03036939
36.9	0.02114805
37	0.009887884
37.1	-0.001344105
37.2	-0.01072962
37.3	-0.01706441
37.4	-0.01976435
37.5	-0.01891931
37.6	-0.01521206
37.7	-0.009585331
37.8	-0.003238052
37.9	0.002667345
38	0.007346421
38.1	0.01017525
38.2	0.01093283
38.3	0.00989757
38.4	0.007415502
38.5	0.004072812
38.6	0.0006134139
38.7	-0.00245656
38.8	-0.004732527
38.9	-0.005874606
39	-0.005937617
39.1	-0.005072059
39.2	-0.003478215
39.3	-0.001585238
39.4	0.000277049
39.5	0.001858199
39.6	0.002891595
39.7	0.003318619
39.8	0.003169745
39.9	0.002521258
40	0.001575484
40.1	0.0005110009
40.2	-0.0004848045
40.3	-0.00124432
40.4	-0.001719479
40.5	-0.001842084
40.6	-0.001631653
40.7	-0.001234405
40.8	-0.0006836262
40.9	-6.18773E-05
41	0.0004148089
41.1	0.0007892417
41.2	0.001012456
41.3	0.0009757642
41.4	0.0008358785
41.5	0.0005955424
41.6	0.0002346135
41.7	-5.716466E-05
41.8	-0.0003000196
41.9	-0.0005084578
42	-0.0005519643
42.1	-0.0005150067
42.2	-0.000432525
42.3	-0.0002485631
42.4	-7.260453E-05
42.5	7.940688E-05
42.6	0.0002238379
42.7	0.0002871762
42.8	0.0003095105
42.9	0.0002818749
43	0.0001825565
43.1	0.000118537
43.2	1.301086E-05
43.3	-9.848447E-05
43.4	0.004640352
43.5	0.01537667
43.6	0.02994316
43.7	0.04484988
43.8	0.05786894
43.9	0.06749655
44	0.07225587
44.1	0.07216936
44.2	0.06785226
44.3	0.06024263
44.4	0.046754
44.5	0.02781164
44.6	0.007167838
44.7	-0.0117008
44.8	-0.0258843
44.9	-0.03387654
45	-0.03915657
45.1	-0.04412257
45.2	-0.04874519
45.3	-0.05194069
45.4	-0.05418477
45.5	-0.05507794
45.6	-0.05439747
45.7	-0.05266164
45.8	-0.05041812
45.9	-0.04784599
46	-0.04170435
46.1	-0.0298361
46.2	-0.01484403
46.3	0.000290582
46.4	0.01318282
46.5	0.02220119
46.6	0.02630951
46.7	0.02564406
46.8	0.02105785
46.9	0.01368987
47	0.005234853
47.1	-0.002781213
47.2	-0.009292572
47.3	-0.01334137
47.4	-0.01464942
47.5	-0.01350374
47.6	-0.01033026
47.7	-0.005978021
47.8	-0.001307388
47.9	0.002919329
48	0.006045276
48.1	0.007774008
48.2	0.008026072
48.3	0.006929083
48.4	0.004921683
48.5	0.002412165
48.6	-0.0001545652
48.7	-0.002271172
48.8	-0.003751812
48.9	-0.004451609
49	-0.004268485
49.1	-0.003483019
49.2	-0.002277172
49.3	-0.0008025907
49.4	0.0005228354
49.5	0.001565525
49.6	0.00228073
49.7	0.002464051
49.8	0.002231205
49.9	0.001719696
50	0.0009718827
50.1	0.0001769371
50.2	-0.0005052695
50.3	-0.0010355
50.4	-0.0013176
50.5	-0.001339933
50.6	-0.001159082
50.7	-0.0008097854
50.8	-0.0003901032
50.9	3.710699E-05
51	0.0004027792
51.1	0.0006288554
51.2	0.0007498945
51.3	0.0007302318
51.4	0.0005644598
51.5	0.0003804097
51.6	0.0001468127
51.7	-0.0001144049
51.8	-0.0002592953
51.9	-0.0003645613
52	-0.0004368712
52.1	-0.0003740122
52.2	-0.0002685787
52.3	-0.0001832071
52.4	-2.712673E-05
52.5	0.0001010973
52.6	0.0001536223
52.7	0.0002255935
52.8	0.0002336289
52.9	0.000175922
53	0.0001405194
53.1	6.914152E-05
53.2	-1.762369E-05
53.3	-6.210322E-05
53.4	-0.0001030775
53.5	-0.0001258779
53.6	-0.000117281
53.7	-9.315378E-05
53.8	-5.333414E-05
53.9	-2.327278E-05
54	1.668383E-05
54.1	6.115161E-05
54.2	5.539142E-05
54.3	5.717521E-05
54.4	8.282869E-05
54.5	3.199566E-05
54.6	8.641219E-06
54.7	2.775574E-05
54.8	-3.487222E-05
54.9	-4.038289E-05
55	-1.199475E-05
55.1	-5.92764E-05
55.2	-3.601009E-05
55.3	2.127669E-06
55.4	-3.102778E-05
55.5	3.673115E-06
55.6	3.261595E-05
55.7	1.002771E-06
55.8	2.683527E-05
55.9	3.511437E-05
56	5.098153E-06
56.1	1.741146E-05
56.2	9.012768E-06
56.3	-5.72255E-06
56.4	-1.664032E-06
56.5	-2.153313E-05
56.6	-4.768071E-06
56.7	-7.424695E-06
56.8	-3.411754E-05
56.9	1.265504E-05
57	-2.079961E-06
57.1	-2.214649E-05
57.2	3.05176E-05
57.3	-1.216102E-06
57.4	-1.518537E-05
57.5	3.6489E-05
57.6	-9.789125E-06
57.7	-1.472641E-05
57.8	3.322961E-05
57.9	-1.919024E-05
58	-1.244062E-05
58.1	2.867847E-05
58.2	-2.101033E-05
58.3	-4.286513E-06
58.4	2.363084E-05
58.5	-1.545735E-05
58.6	5.01418E-06
58.7	1.007008E-05
58.8	-7.960556E-06
58.9	9.904448E-06
59	-1.462935E-05
59.1	-8.920567E-07
59.2	9.524357E-06
59.3	-2.196209E-05
59.4	7.32814E-06
