Time	Aircraft Simulation Position X	Aircraft Simulation Angular Velocity Z
0.1	-0.006105877	-0.07304474
0.2	-0.005109095	0.0901875
0.3	-0.006854049	-0.05225546
0.4	-0.005895528	-0.005250997
0.5	-0.006851831	0.03346267
0.6	-0.00635379	-0.0250201
0.7	-0.006493657	0.002426484
0.8	-0.00639102	0.008423137
0.9	-0.006431295	-0.001246822
1	-0.00650803	-0.009758567
1.1	-0.006362847	0.01189483
1.2	-0.006695651	-0.00514863
1.3	-0.00627582	-0.002271357
1.4	-0.006566826	0.005340148
1.5	-0.006343334	-0.003589941
1.6	-0.006541	0.001455009
1.7	-0.006476685	-0.001521315
1.8	-0.006498727	0.003100833
1.9	-0.006489351	-0.003511786
2	-0.006370244	0.002850917
2.1	-0.006516411	-0.0012129
2.2	-0.006416152	-6.222898E-05
2.3	-0.006566094	0.0007636448
2.4	-0.006443826	-0.0009433871
2.5	-0.006486624	0.0008413014
2.6	-0.006413013	-0.0006826606
2.7	-0.006457173	0.001188666
2.8	-0.006497295	-0.001480984
2.9	-0.006482926	0.0009488721
3	-0.006511373	-0.0004436191
3.1	-0.006423365	0.000217543
3.2	-0.00644851	-5.251674E-05
3.3	-0.00643525	-0.000206222
3.4	-0.006500845	8.249579E-05
3.5	-0.006488043	-0.0003670826
3.6	-0.0064786	0.000462891
3.7	-0.006444952	-0.0004796054
3.8	-0.006428797	0.0006158525
3.9	-0.00646889	-0.0004654378
4	-0.006478367	-0.0002888886
4.1	-0.006501978	0.0003651074
4.2	-0.006466077	-0.0001666386
4.3	-0.006447191	2.543341E-05
4.4	-0.006437212	0.0002874086
4.5	-0.006466113	-1.811142E-05
4.6	-0.006490686	-0.0004469872
4.7	-0.006487638	0.0006115556
4.8	-0.006474243	-9.43549E-05
4.9	-0.006437554	-0.0001025685
5	-0.006449481	2.551556E-05
5.1	-0.00646313	0.0001290883
5.2	-0.006497292	2.648461E-05
5.3	-0.006486567	8.239182E-05
5.4	-0.006465397	0.0004456652
5.5	-0.006450281	-0.0003898489
5.6	-0.006448265	-0.0003542817
5.7	-0.006470891	0.0003374933
5.8	-0.006495043	-0.0002647802
5.9	-0.006484993	-0.0001646999
6	-0.006463652	0.0005469124
6.1	-0.006452349	-0.0001979274
6.2	-0.006453455	-0.000372935
6.3	-0.006475839	0.0003153608
6.4	-0.006492968	-8.199599E-05
6.5	-0.006484147	-0.0001285575
6.6	-0.006461737	0.0002323449
6.7	-0.006451619	-2.038217E-05
6.8	-0.006459431	-0.000272215
6.9	-0.006476433	0.0001780497
7	-0.006494575	-0.0004741346
7.1	-0.006477715	0.0001858405
7.2	-0.006467142	0.0003682411
7.3	-0.006450867	1.770286E-05
7.4	-0.006466971	-5.839852E-05
7.5	-0.006479333	0.0001067796
7.6	-0.006521368	0.0006561338
7.7	-0.006488852	-0.001031436
7.8	-0.006470045	0.001236831
7.9	-0.006478173	-0.0001577735
8	-0.006474851	-0.0005469344
8.1	-0.006514606	-1.557058E-05
8.2	-0.00649424	0.0006044671
8.3	-0.00650768	-0.000493277
8.4	-0.006457923	-0.0001627277
8.5	-0.006483295	0.0007392286
8.6	-0.006485133	-0.0006021449
8.7	-0.00650613	0.0002529564
8.8	-0.006508586	4.888069E-05
8.9	-0.006485071	0.0001768085
9	-0.006477585	-3.157254E-05
9.1	-0.006470657	0.0002211794
9.2	-0.006494706	-7.215643E-05
9.3	-0.006503096	-0.0002514146
9.4	-0.006504405	0.0001981939
9.5	-0.006483215	0.0005860751
9.6	-0.006480337	-0.0001576064
9.7	-0.006475222	-0.0002968025
9.8	-0.006494939	0.0002783042
9.9	-0.006502062	5.516454E-05
10	-0.006503587	-0.000167116
10.1	-0.006485017	6.268329E-05
10.2	-0.006467532	0.0001560599
10.3	-0.006478733	-0.0003583443
10.4	-0.00648702	0.0001951418
10.5	-0.006501846	0.0005921906
10.6	-0.006496444	-0.0007701819
10.7	-0.00646749	0.0005585436
10.8	-0.006479939	0.0001546875
10.9	-0.006469388	-0.0003227182
11	-0.006499375	0.0002604059
11.1	-0.00649536	-0.0002755327
11.2	-0.006491223	4.518215E-05
11.3	-0.006474289	-0.0002461984
11.4	-0.006467484	0.0002245263
11.5	-0.006482698	-0.0001635283
11.6	-0.006485646	0.0002597953
11.7	-0.00650129	0.0001370307
11.8	-0.006486485	-0.0002007969
11.9	-0.006472494	0.0004440631
12	-0.006473253	-7.301127E-05
12.1	-0.006481542	-0.0001834153
12.2	-0.006495298	-0.0001248585
12.3	-0.006491703	0.0003852939
12.4	-0.006493634	-0.0002698387
12.5	-0.006471504	-0.000403315
12.6	-0.006474265	0.0003647573
12.7	-0.006484218	-0.0002621311
12.8	-0.006497169	1.68181E-05
12.9	-0.006497019	-0.0002238933
13	-0.006492774	0.0004562487
13.1	-0.006487255	-0.0003340216
13.2	-0.006478893	0.0001421353
13.3	-0.00650185	-0.0002223126
13.4	-0.006492937	-0.0001611384
13.5	-0.006507189	-0.0001766344
13.6	-0.006481523	0.0004027855
13.7	-0.006498808	-0.0003934579
13.8	-0.006478473	-0.0004289148
13.9	-0.006501378	0.0003870503
14	-0.006499644	-0.0005357101
14.1	-0.006496958	0.000168598
14.2	-0.00649176	-4.015699E-05
14.3	-0.006483013	-0.0002036585
14.4	-0.006522218	0.0003306225
14.5	-0.006501368	-0.0006091513
14.6	-0.006518627	0.0003140538
14.7	-0.006513711	-0.0002221218
14.8	-0.006501667	0.0008431936
14.9	-0.006521895	-0.0006585207
15	-0.006496915	-0.00010556
15.1	-0.006524353	0.0006077014
15.2	-0.006506367	-0.0003136454
15.3	-0.006517064	0.0002715251
15.4	-0.006510871	-0.00011167
15.5	-0.006507304	-0.0001950398
15.6	-0.006514295	-0.0005752062
15.7	-0.006507737	0.000585918
15.8	-0.006519007	3.43982E-05
15.9	-0.006511596	-0.000649505
16	-0.006503778	0.0004119507
16.1	-0.00649949	-0.0001082774
16.2	-0.006499143	-0.0006872093
16.3	-0.006482038	0.0003671053
16.4	-0.006489109	-0.0003620971
16.5	-0.006463399	-0.0009818577
16.6	-0.006478173	0.0002361804
16.7	-0.006535194	-0.0003875586
16.8	-0.006689596	-0.0004186689
16.9	-0.006965728	-0.0008329573
17	-0.007379589	-0.0002771315
17.1	-0.007957711	-0.0006894468
17.2	-0.008676896	-0.0002048787
17.3	-0.009617155	-0.001228332
17.4	-0.01064216	0.0008175366
17.5	-0.01165497	-0.001410293
17.6	-0.01261577	0.0002154192
17.7	-0.01341674	-0.00102411
17.8	-0.01398453	-0.000478453
17.9	-0.01420179	-0.000204545
18	-0.01395249	-0.0001790514
18.1	-0.01309988	-7.301268E-05
18.2	-0.01153164	-0.0005429281
18.3	-0.009068077	0.0004843488
18.4	-0.005546928	-0.0005654745
18.5	-0.0007966838	-0.0002073432
18.6	0.00535817	-0.0001753009
18.7	0.01307211	4.994427E-05
18.8	0.02256202	-0.0005159144
18.9	0.03399134	-0.0001469207
19	0.04677578	0.2032848
19.1	0.05794176	-0.06396922
19.2	0.07369014	-0.05231398
19.3	0.09031766	0.0938007
19.4	0.1079875	-0.002314589
19.5	0.1297369	-0.0003099162
19.6	0.1536507	0.007367066
19.7	0.1810742	-0.1278497
19.8	0.2110647	0.02250049
19.9	0.2427124	0.0713977
20	0.2765393	0.00454225
20.1	0.3133476	-0.04964965
20.2	0.3533126	-0.03183547
20.3	0.3963047	0.001755586
20.4	0.4424595	-0.002467496
20.5	0.491044	-0.01304682
20.6	0.5414199	0.001447803
20.7	0.5935608	0.01021306
20.8	0.647507	0.003900274
20.9	0.7031588	-0.001677144
21	0.7603161	0.0005506171
21.1	0.8188106	0.002844457
21.2	0.8785241	0.001288967
21.3	0.9393439	-0.0001472789
21.4	1.001167	0.0004212918
21.5	1.063943	0.000932132
21.6	1.127663	0.000615265
21.7	1.192336	0.0005197629
21.8	1.257988	0.0008173121
21.9	1.324644	0.0009110052
22	1.392318	0.0008148742
22.1	1.461009	0.000791087
22.2	1.530688	0.0007417781
22.3	1.601311	0.0006132262
22.4	1.672818	0.0004829392
22.5	1.745143	0.0003869178
22.6	1.818228	0.000320275
22.7	1.892021	0.0002746363
22.8	1.966488	0.0002729251
22.9	2.041611	0.000299043
23	2.117383	0.0003248611
23.1	2.193807	0.0003583387
23.2	2.270885	0.000377961
23.3	2.348617	0.0003780755
23.4	2.426993	0.0003553224
23.5	2.505997	0.0003183793
23.6	2.585601	0.0002751596
23.7	2.665777	0.0002333606
23.8	2.746495	0.0002019606
23.9	2.827725	0.0001779641
24	2.909448	0.0001685243
24.1	2.991649	0.0001753576
24.2	3.074318	0.000184838
24.3	3.15745	0.0001980688
24.4	3.24104	0.0002008505
24.5	3.325083	0.0001984422
24.6	3.409571	0.0001880181
24.7	3.494492	0.0001696588
24.8	3.579831	0.0001594651
24.9	3.665576	0.0001433614
25	3.751705	0.0001287819
25.1	3.838207	0.0001168848
25.2	3.92507	0.0001214096
25.3	4.012286	0.000114852
25.4	4.099847	0.0001192672
25.5	4.187747	0.0001212958
25.6	4.27598	0.0001195783
25.7	4.364541	0.0001162201
25.8	4.453422	0.0001144329
25.9	4.542616	0.00010113
26	4.632112	9.905324E-05
26.1	4.721924	-0.03247909
26.2	4.814934	-0.5252706
26.3	4.913806	-0.7117177
26.4	5.022011	-0.7701534
26.5	5.145349	-0.7867111
26.6	5.289919	-0.7912298
26.7	5.461547	-0.7945462
26.8	5.666095	-0.8003089
26.9	5.909776	-0.8091254
27	6.200126	-0.8198302
27.1	6.546232	-0.8309758
27.2	6.958436	-0.8409575
27.3	7.448462	-0.8488267
27.4	8.028396	-0.8543358
27.5	8.709997	-0.670332
27.6	9.50368	0.1937872
27.7	10.42262	0.454659
27.8	11.48283	-0.2316824
27.9	12.6921	-0.03377943
28	14.05584	0.07297605
28.1	15.57555	-0.06984201
28.2	17.24457	0.008298729
28.3	19.05093	0.006776333
28.4	20.97987	-0.01211685
28.5	23.01654	0.006838182
28.6	25.14678	-0.001536953
28.7	27.35921	-0.002820323
28.8	29.64373	-0.001903567
28.9	31.99092	-0.004571208
29	34.39093	-0.00413064
29.1	36.8328	-0.002931837
29.2	39.3042	-0.002190935
29.3	41.79247	-0.0002624542
29.4	44.28467	0.0001728171
29.5	46.76859	0.0008560689
29.6	49.23254	0.0004368952
29.7	51.66523	0.0002942099
29.8	54.05548	-0.0003310512
29.9	56.39193	-0.0003612202
30	58.66306	-0.0005381083
30.1	60.85744	0.0001238473
30.2	62.96419	0.0003419574
30.3	64.97317	0.001149116
30.4	66.87527	0.001166539
30.5	68.66212	0.001683925
30.6	70.32614	0.001302886
30.7	71.86002	0.001616126
30.8	73.25678	0.001077045
30.9	74.50964	0.001535219
31	75.61238	0.001114811
31.1	76.5593	0.001830235
31.2	77.34588	0.00149508
31.3	77.96834	0.002280923
31.4	78.42413	0.001852586
31.5	78.7114	0.002531583
31.6	78.8291	0.001961804
31.7	78.77669	0.002560877
31.8	78.55428	0.001963798
31.9	78.16251	0.002597361
32	77.60277	0.002059948
32.1	76.8772	0.002773659
32.2	75.98879	0.002279859
32.3	74.94138	0.002953672
32.4	73.73946	0.00246172
32.5	72.38832	0.003028873
32.6	70.89375	0.002563657
32.7	69.26218	0.003023459
32.8	67.50047	0.002639048
32.9	65.61608	0.00302043
33	63.61695	0.002753974
33.1	61.51156	0.003042708
33.2	59.30878	0.002891036
33.3	57.01807	0.003068765
33.4	54.64907	0.002978409
33.5	52.21194	0.003092364
33.6	49.71691	0.003079152
33.7	47.17462	0.00312716
33.8	44.59573	0.003141406
33.9	41.99117	0.003150648
34	39.37188	0.003234583
34.1	36.74894	0.003197016
34.2	34.13342	0.003327677
34.3	31.53631	0.003240991
34.4	28.96855	0.003364759
34.5	26.44093	0.003284836
34.6	23.96405	0.003392568
34.7	21.54833	0.003309793
34.8	19.2039	0.003413346
34.9	16.9406	0.003345208
35	14.76793	0.003447636
35.1	12.69499	0.003384148
35.2	10.73048	0.003481183
35.3	8.882596	0.003395131
35.4	7.159097	0.003501
35.5	5.567162	0.003421732
35.6	4.113482	0.003523629
35.7	2.80411	0.003404824
35.8	1.644562	0.003571809
35.9	0.6396503	0.003418094
36	-0.2063701	0.003632
36.1	-0.8900035	0.003381496
36.2	-1.40834	0.003675792
36.3	-1.759255	0.003353409
36.4	-1.941228	0.003696691
36.5	-1.953519	0.00332839
36.6	-1.796029	0.003730185
36.7	-1.4694	0.003357369
36.8	-0.9749613	0.003715617
36.9	-0.314729	0.00342288
37	0.5085503	0.003718236
37.1	1.49153	0.003506817
37.2	2.630091	0.003701409
37.3	3.919613	0.003617404
37.4	5.354682	0.003671295
37.5	6.929477	0.003730559
37.6	8.637385	0.003640942
37.7	10.47147	0.003825244
37.8	12.42405	0.003564811
37.9	14.48716	0.003914949
38	16.65219	0.003512134
38.1	18.91028	0.003979038
38.2	21.25203	0.003463193
38.3	23.66784	0.004022459
38.4	26.14767	0.00344572
38.5	28.68135	0.004064082
38.6	31.25839	0.003481573
38.7	33.86817	0.004044126
38.8	36.49988	0.003542943
38.9	39.14271	0.00404556
39	41.78573	0.003629606
39.1	44.41803	0.003998294
39.2	47.02877	0.003728807
39.3	49.60716	0.003887112
39.4	52.14259	0.003877286
39.5	54.62458	0.003817519
39.6	57.04291	0.003958573
39.7	59.38761	0.003737455
39.8	61.64899	0.004087341
39.9	63.81776	0.003694836
40	65.88495	0.004167586
40.1	67.84206	0.003663591
40.2	69.68101	0.004208308
40.3	71.39423	0.00366572
40.4	72.97467	0.004236222
40.5	74.41582	0.003655051
40.6	75.71175	0.004218729
40.7	76.85711	0.003695569
40.8	77.84719	0.004165035
40.9	78.67788	0.003754774
41	79.3458	0.004074406
41.1	79.84816	0.003807384
41.2	80.18298	0.003995262
41.3	80.34877	0.003855867
41.4	80.34496	0.003920503
41.5	80.17146	0.00393674
41.6	79.82907	0.003850625
41.7	79.31912	0.004003264
41.8	78.64379	0.003830395
41.9	77.80579	0.00406068
42	76.80862	0.003803122
42.1	75.65639	0.004132807
42.2	74.35378	0.003789229
42.3	72.9062	0.00413948
42.4	71.31956	0.003805805
42.5	69.60043	0.004105084
42.6	67.75584	0.003819254
42.7	65.79344	0.004067639
42.8	63.72122	0.003820465
42.9	61.54777	0.004024091
43	59.28198	0.003833929
43.1	56.9332	0.00396705
43.2	54.51105	0.003831743
43.3	52.02551	0.003943075
43.4	49.48677	0.003853786
43.5	46.90532	0.003931298
43.6	44.29173	0.003843064
43.7	41.65675	0.003932792
43.8	39.01121	0.003859166
43.9	36.366	0.003918539
44	33.73197	0.003846397
44.1	31.11997	0.003897698
44.2	28.54072	0.003809547
44.3	26.0048	0.003913363
44.4	23.52267	0.003821148
44.5	21.10449	0.00386197
44.6	18.76023	0.003839849
44.7	16.49953	0.003861604
44.8	14.33166	0.003865797
44.9	12.26553	0.003838264
45	10.30967	0.003904926
45.1	8.472072	0.003794038
45.2	6.760333	0.00393565
45.3	5.181442	0.003758613
45.4	3.74194	0.003936509
45.5	2.447691	0.003691294
45.6	1.30407	0.003966878
45.7	0.3157277	0.003612357
45.8	-0.5132213	0.003987617
45.9	-1.179398	0.003557337
46	-1.679829	0.004065849
46.1	-2.012363	0.003752815
46.2	-2.175993	0.003967969
46.3	-2.170247	0.003605225
46.4	-1.995102	0.003928225
46.5	-1.651137	0.004074603
46.6	-1.139728	0.002974393
46.7	-0.4622488	0.002574587
46.8	0.3794359	0.004234126
46.9	1.382166	0.004157453
47	2.540701	0.004455076
47.1	3.849024	0.004590738
47.2	5.300439	0.004023035
47.3	6.88877	0.004024856
47.4	8.60784	0.003327246
47.5	10.45596	-0.0196763
47.6	12.43234	-0.1361483
47.7	14.54249	0.03613522
47.8	16.78262	0.0536335
47.9	19.1491	0.1040828
48	21.6233	-0.003547486
48.1	24.17325	0.05746375
48.2	26.77199	0.01908306
48.3	29.40126	0.01954468
48.4	32.05029	0.01905454
48.5	34.7133	0.01345914
48.6	37.3848	0.01745121
48.7	40.05643	0.01866117
48.8	42.71611	0.02321251
48.9	45.34977	0.02575646
49	47.94434	0.02619855
49.1	50.48965	0.02438069
49.2	52.97838	0.02195035
49.3	55.40405	0.01985599
49.4	57.7591	0.01878675
49.5	60.03352	0.01825216
49.6	62.21533	0.0194016
49.7	64.29188	0.01996383
49.8	66.25162	0.02167457
49.9	68.08564	0.02161653
50	69.78793	0.02176302
50.1	71.35468	0.02070317
50.2	72.78283	0.01976543
50.3	74.0685	0.01913523
50.4	75.20671	0.01842352
50.5	76.19096	0.01881391
50.6	77.015	0.01854884
50.7	77.67312	0.01954508
50.8	78.16171	0.01918212
50.9	78.47915	0.01968012
51	78.62562	0.01900843
51.1	78.60205	0.01883567
51.2	78.40959	0.01830044
51.3	78.04953	0.01794798
51.4	77.52254	0.01777802
51.5	76.82987	0.01765153
51.6	75.97299	0.01780178
51.7	74.9548	0.01771475
51.8	73.77911	0.01788025
51.9	72.45097	0.01758393
52	70.97617	0.01753502
52.1	69.36092	0.01715922
52.2	67.61185	0.01700986
52.3	65.73559	0.01675084
52.4	63.73927	0.016695
52.5	61.63034	0.01654115
52.6	59.41687	0.01655744
52.7	57.10741	0.01639723
52.8	54.71107	0.01639044
52.9	52.23736	0.01612246
53	49.69603	0.01608814
53.1	47.09706	0.01580194
53.2	44.45055	0.01575994
53.3	41.76678	0.01554352
53.4	39.05617	0.01548501
53.5	36.32923	0.01541205
53.6	33.59658	0.01526271
53.7	30.86889	0.01528163
53.8	28.15678	0.0150018
53.9	25.47079	0.01506626
54	22.82137	0.01463941
54.1	20.2188	0.01486288
54.2	17.67319	0.0143342
54.3	15.19441	0.01459063
54.4	12.79214	0.01417009
54.5	10.47572	0.01433903
54.6	8.254194	0.01410357
54.7	6.136145	0.01406238
54.8	4.129842	0.01401963
54.9	2.242978	0.0137355
55	0.4829483	0.01389519
55.1	-1.143513	0.01341157
55.2	-2.629978	0.01369294
55.3	-3.970729	0.01310368
55.4	-5.160465	0.01349646
55.5	-6.19458	0.0129423
55.6	-7.069048	0.01323454
55.7	-7.780428	0.0129074
55.8	-8.326035	0.01293613
55.9	-8.703619	0.01290288
56	-8.911825	0.01262088
56.1	-8.94965	0.01287117
56.2	-8.81706	0.0123016
56.3	-8.514362	0.01277379
56.4	-8.042792	0.01206032
56.5	-7.404038	0.01258615
56.6	-6.600547	0.011976
56.7	-5.635402	0.0123022
56.8	-4.512194	0.01202245
56.9	-3.235338	0.01197185
57	-1.809534	0.01207167
57.1	-0.2404015	0.01162282
57.2	1.466256	0.01205959
57.3	3.303754	0.01139219
57.4	5.265206	0.01196411
57.5	7.343025	0.01128337
57.6	9.529314	0.01175963
57.7	11.81572	0.01125336
57.8	14.19346	0.01147535
57.9	16.65353	0.01129473
58	19.18641	0.0111264
58.1	21.78254	0.0113782
58.2	24.43188	0.01088868
58.3	27.1244	0.01138724
58.4	29.84973	0.01074019
58.5	32.59751	0.01126789
58.6	35.35721	0.01068376
58.7	38.11831	0.01103925
58.8	40.87024	0.01068474
58.9	43.60249	0.01075266
59	46.30463	0.01069617
59.1	48.96633	0.01046003
59.2	51.57741	0.01075473
59.3	54.12794	0.01028514
59.4	56.60817	0.01073496
59.5	59.00861	0.01020396
59.6	61.32013	0.01059431
59.7	63.53387	0.01017532
59.8	65.64144	0.01033927
59.9	67.63475	0.01013621
60	69.50622	0.01009174
60.1	71.24873	0.01012294
60.2	72.85562	0.009893959
60.3	74.32075	0.01007862
60.4	75.63852	0.009790081
60.5	76.80394	0.01002893
60.6	77.81252	0.009702677
60.7	78.66045	0.009855229
60.8	79.34448	0.009625783
60.9	79.86205	0.009694997
61	80.21112	0.00955141
61.1	80.3904	0.009537826
61.2	80.39912	0.009460031
61.3	80.23729	0.009418671
61.4	79.90548	0.009410089
61.5	79.40491	0.009301809
61.6	78.73751	0.009294564
61.7	77.90575	0.009189733
61.8	76.91282	0.009195299
61.9	75.76243	0.009083501
62	74.45893	0.009094602
62.1	73.00726	0.00892951
62.2	71.41287	0.009008966
62.3	69.68182	0.008813736
62.4	67.82055	0.008883679
62.5	65.83617	0.008712761
62.6	63.73612	0.008763158
62.7	61.52834	0.008663945
62.8	59.22115	0.008602281
62.9	56.82325	0.008624433
63	54.3437	0.008445621
63.1	51.79182	0.008563309
63.2	49.17729	0.008258842
63.3	46.50987	0.008478077
63.4	43.79971	0.008161351
63.5	41.05693	0.008330005
63.6	38.29194	0.008121212
63.7	35.51512	0.008168405
63.8	32.73692	0.008147074
63.9	29.96784	0.007982168
64	27.21828	0.008130846
64.1	24.49859	0.007773052
64.2	21.81902	0.008051683
64.3	19.18965	0.007610525
64.4	16.62038	0.007900442
64.5	14.1209	0.007595741
64.6	11.70059	0.007737454
64.7	9.368613	0.007666527
64.8	7.133697	0.007549467
64.9	5.004316	0.00774099
65	2.988424	0.00729294
65.1	1.09367	0.007699443
65.2	-0.6728671	0.007106802
65.3	-2.304499	0.007563635
65.4	-3.79508	0.007072955
65.5	-5.13903	0.007395729
65.6	-6.331202	0.007219002
65.7	-7.367221	0.007109093
65.8	-8.243032	0.007373
65.9	-8.955469	0.006872327
66	-9.5017	0.007369513
66.1	-9.879767	0.006729697
66.2	-10.08816	0.007286892
66.3	-10.1261	0.0067221
66.4	-9.993465	0.007087439
66.5	-9.690641	0.006911895
66.6	-9.218886	0.006786355
66.7	-8.579778	0.007056807
66.8	-7.775882	0.006547039
66.9	-6.810023	0.007132384
67	-5.685942	0.006424086
67.1	-4.407765	0.007062074
67.2	-2.980293	0.006473778
67.3	-1.408917	0.006840669
67.4	0.3005793	0.006636241
67.5	2.141657	0.006558136
67.6	4.107578	0.006810376
67.7	6.190817	0.006367202
67.8	8.383707	0.00689975
67.9	10.67792	0.006285939
68	13.06493	0.006872835
68.1	15.53575	0.006325395
68.2	18.08111	0.006652796
68.3	20.69153	0.006440516
68.4	23.35712	0.006421923
68.5	26.06799	0.006600045
68.6	28.81389	0.006262218
68.7	31.58458	0.006701784
68.8	34.36962	0.006226168
68.9	37.1586	0.006711971
69	39.94107	0.006250894
69.1	42.70659	0.006529409
69.2	45.44477	0.006310764
69.3	48.14537	0.00631493
69.4	50.79825	0.006424414
69.5	53.39346	0.006203786
69.6	55.92128	0.006478188
69.7	58.37224	0.006185886
69.8	60.73714	0.006478254
69.9	63.00711	0.006193381
70	65.17368	0.00637378
70.1	67.22867	0.006209414
70.2	69.16444	0.006233168
70.3	70.97375	0.006206848
70.4	72.64977	0.006180043
70.5	74.18626	0.006215205
70.6	75.57746	0.006133174
70.7	76.81818	0.006187629
70.8	77.90371	0.006100903
70.9	78.83006	0.006151099
71	79.59369	0.006064706
71.1	80.1918	0.006128335
71.2	80.62215	0.006014469
71.3	80.88309	0.006102053
71.4	80.9737	0.00593497
71.5	80.89356	0.006089299
71.6	80.64304	0.005901439
71.7	80.22305	0.006006077
71.8	79.63515	0.005911189
71.9	78.88158	0.005898895
72	77.96511	0.005983274
72.1	76.8892	0.005764557
72.2	75.65781	0.006002739
72.3	74.27559	0.005620133
72.4	72.74763	0.005953372
72.5	71.0797	0.005587376
72.6	69.27804	0.005840554
72.7	67.34929	0.005656266
72.8	65.30067	0.005716447
72.9	63.13979	0.005776402
73	60.87481	0.005510242
73.1	58.51405	0.005849847
73.2	56.06642	0.005307934
73.3	53.54096	0.005809034
73.4	50.94714	0.005236452
73.5	48.29457	0.005676756
73.6	45.59317	0.005402031
73.7	42.853	0.005468005
73.8	40.08427	0.005566831
73.9	37.2973	0.005214906
74	34.50244	0.005672217
74.1	31.71012	0.005024207
74.2	28.93071	0.005634779
74.3	26.17459	0.004986285
74.4	23.452	0.005460936
74.5	20.77312	0.005117547
74.6	18.14787	0.005244482
74.7	15.58608	0.00529075
74.8	13.09724	0.004964542
74.9	10.69066	0.005433015
75	8.375276	0.004790835
75.1	6.159723	0.005442948
75.2	4.052262	0.004763431
75.3	2.060711	0.005298723
75.4	0.1925464	0.004845754
75.5	-1.545361	0.00501519
75.6	-3.14642	0.005060652
75.7	-4.604784	0.004716991
75.8	-5.914896	0.005207487
75.9	-7.071975	0.004603366
76	-8.071632	0.005217338
76.1	-8.91016	0.004627299
76.2	-9.584448	0.00509892
76.3	-10.0919	0.004715703
76.4	-10.43074	0.004859323
76.5	-10.59955	0.004863007
76.6	-10.59785	0.004650492
76.7	-10.42547	0.00500539
76.8	-10.08317	0.00455091
76.9	-9.572139	0.005071181
77	-8.894291	0.004546851
77.1	-8.052164	0.004972641
77.2	-7.048815	0.00463686
77.3	-5.888071	0.004747702
77.4	-4.574132	0.004746468
77.5	-3.111993	0.00460755
77.6	-1.506993	0.004864846
77.7	0.2348199	0.004573997
77.8	2.107013	0.004928581
77.9	4.102611	0.00460503
78	6.214161	0.004858845
78.1	8.433846	0.004631404
78.2	10.75336	0.004768457
78.3	13.16411	0.004688241
78.4	15.65708	0.004717443
78.5	18.22301	0.004727411
78.6	20.85233	0.004701706
78.7	23.53525	0.004806088
78.8	26.26179	0.00471704
78.9	29.02176	0.004782194
79	31.8049	0.004713712
79.1	34.60084	0.004803785
79.2	37.39918	0.004717898
79.3	40.18946	0.004818016
79.4	42.96132	0.004710237
79.5	45.70441	0.004820373
79.6	48.40851	0.004678907
79.7	51.06355	0.004838469
79.8	53.65965	0.004721307
79.9	56.18715	0.004775106
80	58.6366	0.004815544
80.1	60.99892	0.004723129
80.2	63.26525	0.004912431
80.3	65.4272	0.004636204
80.4	67.47671	0.004952767
80.5	69.40616	0.004546093
80.6	71.20837	0.004906067
80.7	72.87659	0.004629907
80.8	74.40472	0.00480513
80.9	75.78696	0.004772609
81	77.01826	0.004676129
81.1	78.09393	0.004934543
81.2	79.01009	0.004491932
81.3	79.76324	0.005011057
81.4	80.35065	0.004405841
81.5	80.7701	0.004940263
81.6	81.02006	0.004507751
81.7	81.09962	0.004794332
81.8	81.00838	0.004746089
81.9	80.74686	0.004584572
82	80.31588	0.004912
82.1	79.71717	0.004373176
82.2	78.95283	0.00496657
82.3	78.02586	0.004299891
82.4	76.93957	0.004864499
82.5	75.69803	0.004391687
82.6	74.30592	0.004718124
82.7	72.76833	0.004582522
82.8	71.09106	0.004470756
82.9	69.28024	0.004786265
83	67.34274	0.004245888
83.1	65.28558	0.004851009
83.2	63.11656	0.004191989
83.3	60.84364	0.004771912
83.4	58.4753	0.004248191
83.5	56.02033	0.004592102
83.6	53.4878	0.004394766
83.7	50.88719	0.004304435
83.8	48.22807	0.004608472
83.9	45.52037	0.004124952
84	42.77408	0.004694471
84.1	39.99944	0.004063791
84.2	37.20671	0.004651847
84.3	34.4063	0.004127044
84.4	31.60855	0.004441876
84.5	28.82386	0.004244486
84.6	26.06257	0.004179295
84.7	23.3349	0.004374216
84.8	20.65099	0.004021616
84.9	18.02079	0.004508781
85	15.45408	0.00395892
85.1	12.96034	0.004452146
85.2	10.54887	0.004017272
85.3	8.228576	0.004266773
85.4	6.008123	0.004099809
85.5	3.895704	0.004067478
85.6	1.899197	0.00417772
85.7	0.02597408	0.003956053
85.8	-1.716982	0.004266938
85.9	-3.3232	0.003934016
86	-4.786726	0.004222088
86.1	-6.102084	0.003962754
86.2	-7.264441	0.00411583
86.3	-8.26942	0.003964428
86.4	-9.113339	0.004031137
86.5	-9.793015	0.004011969
86.6	-10.30595	0.003963635
86.7	-10.65022	0.004066575
86.8	-10.82452	0.00397763
86.9	-10.82823	0.004040013
87	-10.66127	0.003982949
87.1	-10.32431	0.004041331
87.2	-9.81856	0.003933668
87.3	-9.145913	0.004051915
87.4	-8.308856	0.003917486
87.5	-7.31047	0.004080777
87.6	-6.154489	0.003898505
87.7	-4.845159	0.004071419
87.8	-3.38738	0.003943225
87.9	-1.78653	0.00402999
88	-0.04856615	0.004027361
88.1	1.820044	0.003972781
88.2	3.812396	0.004127266
88.3	5.921039	0.003930381
88.4	8.138208	0.004200123
88.5	10.45559	0.003851933
88.6	12.86465	0.004207054
88.7	15.35638	0.003857568
88.8	17.92152	0.004167108
88.9	20.55057	0.004042088
89	23.23373	0.004078513
89.1	25.961	0.005031199
89.2	28.7207	0.004763964
89.3	31.50088	0.003925451
89.4	34.29102	0.004249792
89.5	37.08084	0.004200598
89.6	39.86004	0.004546354
89.7	42.61691	0.005406087
89.8	45.33858	0.00353831
89.9	48.01433	0.00417478
90	50.63395	0.005766393
90.1	53.18553	0.004043807
90.2	55.65842	0.003809153
90.3	58.04399	0.00476494
90.4	60.33229	0.004283385
90.5	62.51408	0.002615326
90.6	64.58199	0.00397724
90.7	66.52888	0.00255488
90.8	68.348	0.003253219
90.9	70.03282	0.002498474
91	71.57739	0.002844937
91.1	72.97549	0.002986225
91.2	74.22173	0.002112582
91.3	75.31192	0.002521831
91.4	76.2428	0.002189219
91.5	77.01121	0.00189822
91.6	77.61491	0.001891375
91.7	78.05183	0.001545847
91.8	78.32082	0.001534717
91.9	78.42103	0.001315031
92	78.35279	0.001280552
92.1	78.11673	0.001104615
92.2	77.71468	0.001041779
92.3	77.14879	0.0008399069
92.4	76.42239	0.0008515008
92.5	75.53908	0.000542703
92.6	74.50352	0.0006476525
92.7	73.32064	0.0002426556
92.8	71.99647	0.0004930809
92.9	70.53728	-7.779105E-06
93	68.95042	0.0003760144
93.1	67.24348	-0.0002232147
93.2	65.425	0.0003303291
93.3	63.50381	-0.0004144663
93.4	61.48946	0.0001753267
93.5	59.39184	-0.0005901158
93.6	57.22132	6.764274E-05
93.7	54.98866	-0.0007688639
93.8	52.7049	-0.0001186813
93.9	50.38148	-0.0008532993
94	48.02993	-0.0003536517
94.1	45.66212	-0.0009215188
94.2	43.28987	-0.0006235594
94.3	40.92519	-0.0009364081
94.4	38.58002	-0.0008681177
94.5	36.26627	-0.0009228421
94.6	33.99568	-0.001026353
94.7	31.77984	-0.000926747
94.8	29.63009	-0.001155769
94.9	27.55743	-0.0009558517
95	25.57255	-0.001186622
95.1	23.68565	-0.0009786282
95.2	21.90648	-0.001197848
95.3	20.24422	-0.001110093
95.4	18.70751	-0.001200762
95.5	17.3043	-0.001234001
95.6	16.04189	-0.00114063
95.7	14.92684	-0.001372498
95.8	13.96496	-0.001114713
95.9	13.1612	-0.001372673
96	12.51978	-0.00112798
96.1	12.04393	-0.001333031
96.2	11.73615	-0.001217273
96.3	11.59786	-0.001232589
96.4	11.62979	-0.001412513
96.5	11.83154	-0.00107361
96.6	12.20196	-0.001619135
96.7	12.7389	-0.0009497902
96.8	13.43928	-0.001600175
96.9	14.29925	-0.0008889214
97	15.31386	-0.001442219
97.1	16.47765	-0.0009168717
97.2	17.78391	-0.001254848
97.3	19.2256	-0.001090558
97.4	20.79446	-0.001031626
97.5	22.48199	-0.001360314
97.6	24.27863	-0.0007633024
97.7	26.17445	-0.001571472
97.8	28.15887	-0.0005453996
97.9	30.2208	-0.001547754
98	32.34883	-0.0004629331
98.1	34.53094	-0.001319713
98.2	36.75512	-0.0005930567
98.3	39.00874	-0.0009444316
98.4	41.27936	-0.0009196068
98.5	43.55416	-0.0005768496
98.6	45.82045	-0.001256342
98.7	48.06552	-0.0002746836
98.8	50.27672	-0.001347114
98.9	52.44172	-9.441585E-05
99	54.54828	-0.001255917
99.1	56.58461	-0.0001356644
99.2	58.53926	-0.0009516397
99.3	60.40119	-0.0003884328
99.4	62.16002	-0.0005310336
99.5	63.80568	-0.0007636097
99.6	65.32909	-6.048405E-05
99.7	66.72147	-0.0009674574
99.8	67.97512	0.000190099
99.9	69.08289	-0.0009649697
100	70.03855	0.0002058909
100.1	70.83684	-0.0008170051
100.2	71.47308	-6.159315E-05
100.3	71.9439	-0.0004294205
100.4	72.2464	-0.0003830345
100.5	72.3792	-1.479257E-05
100.6	72.34126	-0.000519184
100.7	72.13316	0.0003600986
100.8	71.7559	-0.0006041438
100.9	71.21176	0.0004175595
101	70.5039	-0.0004749044
101.1	69.63629	0.0002129613
101.2	68.6141	-0.0002031316
101.3	67.44302	-6.146838E-05
101.4	66.12997	0.000133106
101.5	64.68229	-0.0001646829
101.6	63.10847	0.0004365033
101.7	61.41742	-0.0001401897
101.8	59.61894	0.0005699852
101.9	57.72334	-6.431606E-05
102	55.74144	0.0003992711
102.1	53.6847	0.0001609142
102.2	51.5649	0.0002076022
102.3	49.39425	0.0003733083
102.4	47.18518	0.0002330345
102.5	44.95043	0.0005389162
102.6	42.70282	0.0002550789
102.7	40.45531	0.0006028978
102.8	38.22081	0.0003840233
102.9	36.01218	0.0005101489
103	33.84213	0.0005412624
103.1	31.72316	0.0004486914
103.2	29.66745	0.0006743078
103.3	27.68684	0.0004819167
103.4	25.79276	0.000728032
103.5	23.99609	0.0006608717
103.6	22.3072	0.0006198237
103.7	20.73579	0.0008180218
103.8	19.29094	0.0005069508
103.9	17.98096	0.00100798
104	16.8134	0.0005671149
104.1	15.79506	0.001082922
104.2	14.93169	0.000737093
104.3	14.22843	0.0009522259
104.4	13.68916	0.0009793516
104.5	13.31713	0.0006671075
104.6	13.11435	0.00130371
104.7	13.08204	0.0004644062
104.8	13.22038	0.001502101
104.9	13.52843	0.0006264487
105	14.0046	0.001469463
105.1	14.64584	0.0009585962
105.2	15.44875	0.001190307
105.3	16.40833	0.001342236
105.4	17.51932	0.0007828034
105.5	18.77503	0.00168657
105.6	20.16829	0.0006392248
105.7	21.691	0.001884048
105.8	23.33421	0.0007712181
105.9	25.08858	0.001842553
106	26.94364	0.001135273
106.1	28.88891	0.001459128
106.2	30.91283	0.001639815
106.3	33.00386	0.001040249
106.4	35.14968	0.002032091
106.5	37.33791	0.0009079394
106.6	39.55585	0.00222729
106.7	41.79053	0.0009878635
106.8	44.02906	0.002066195
106.9	46.25833	0.001375133
107	48.46542	0.001656523
107.1	50.63749	0.001921812
107.2	52.76188	0.001339566
107.3	54.82631	0.002333829
107.4	56.8187	0.001222144
107.5	58.72751	0.002455472
107.6	60.54161	0.00132733
107.7	62.25043	0.002191853
107.8	63.8441	0.001658516
107.9	65.31322	0.001856153
108	66.64941	0.002131975
108.1	67.84473	0.001635003
108.2	68.89243	0.00250995
108.3	69.78619	0.00157081
108.4	70.52092	0.002529521
108.5	71.0924	0.001690743
108.6	71.4972	0.002259567
108.7	71.73315	0.001952761
108.8	71.79863	0.002042605
108.9	71.69353	0.002306361
109	71.41827	0.001887783
109.1	70.97464	0.002570041
109.2	70.3651	0.001915104
109.3	69.59327	0.00254168
109.4	68.66367	0.002039809
109.5	67.5817	0.002299725
109.6	66.35376	0.002249107
109.7	64.98691	0.002180494
109.8	63.48925	0.002454493
109.9	61.86945	0.002182591
110	60.13701	0.002588809
110.1	58.30201	0.002250751
110.2	56.37519	0.002495
110.3	54.36781	0.002397811
110.4	52.2916	0.002329429
110.5	50.15866	0.002542571
110.6	47.98146	0.002365566
110.7	45.77272	0.002595371
110.8	43.54535	0.002457739
110.9	41.31237	0.002491083
111	39.0868	0.002603868
111.1	36.88165	0.002400996
111.2	34.70982	0.00274385
111.3	32.58398	0.002394569
111.4	30.51657	0.0028021
111.5	28.51963	0.002497096
111.6	26.6049	0.002684615
111.7	24.78349	0.002698764
111.8	23.06613	0.002447496
111.9	21.46278	0.002911637
112	19.98286	0.002283932
112.1	18.63501	0.003068829
112.2	17.42706	0.002433175
112.3	16.36618	0.003020466
112.4	15.45841	0.002636238
112.5	14.70926	0.00274737
112.6	14.12289	0.002916967
112.7	13.70292	0.00236981
112.8	13.45166	0.003195884
112.9	13.37063	0.002239062
113	13.46034	0.003328552
113.1	13.72011	0.002437235
113.2	14.14865	0.00316991
113.3	14.74315	0.002805256
113.4	15.50046	0.002788127
113.5	16.41582	0.003155144
113.6	17.48412	0.002380792
113.7	18.69893	0.003450332
113.8	20.05319	0.002312321
113.9	21.53903	0.003539955
114	23.14755	0.002522697
114.1	24.86959	0.003337233
114.2	26.69476	0.002954036
114.3	28.61263	0.002876836
114.4	30.61173	0.003411265
114.5	32.6805	0.002524282
114.6	34.80673	0.003678226
114.7	36.97795	0.002466541
114.8	39.18148	0.003750134
114.9	41.40432	0.002647191
115	43.63353	0.003441269
115.1	45.85592	0.003103389
115.2	48.05855	0.002973016
115.3	50.22846	0.003609989
115.4	52.35292	0.002701257
115.5	54.41949	0.003860323
115.6	56.416	0.002650577
115.7	58.33077	0.003817206
115.8	60.1526	0.002851564
115.9	61.8707	0.003478528
116	63.47512	0.003245611
116.1	64.95631	0.003121383
116.2	66.30575	0.003709985
116.3	67.51535	0.002916236
116.4	68.57813	0.003973447
116.5	69.48782	0.002857007
116.6	70.23906	0.003819344
116.7	70.82755	0.003065744
116.8	71.24963	0.00346354
116.9	71.50311	0.003375416
117	71.58623	0.00323701
117.1	71.49875	0.003740735
117.2	71.241	0.003101627
117.3	70.81464	0.003914878
117.4	70.22209	0.00310784
117.5	69.46685	0.00373875
117.6	68.55343	0.003283343
117.7	67.4871	0.003444655
117.8	66.27425	0.003545405
117.9	64.92183	0.003317714
118	63.43797	0.003736378
118.1	61.83128	0.003350093
118.2	60.11065	0.001649954
118.3	58.2845	0.003802713
118.4	56.36301	0.003841132
118.5	54.35711	0.003118563
118.6	52.27837	0.003226808
118.7	50.13808	0.003506208
118.8	47.94825	0.004329321
118.9	45.72176	0.00410132
119	43.47168	0.00424441
119.1	41.21128	0.004471983
119.2	38.95378	0.004659427
119.3	36.71238	0.004440164
119.4	34.5001	0.004960348
119.5	32.32974	0.004618233
119.6	30.21386	0.00505854
119.7	28.16461	0.00408005
119.8	26.19284	0.004666271
119.9	24.30949	0.005556565
120	22.52565	0.004680556
120.1	20.85153	0.004255545
120.2	19.29603	0.005247077
120.3	17.86819	0.005939007
120.4	16.57648	0.004876853
120.5	15.4286	0.006205502
120.6	14.43119	0.005511375
120.7	13.59019	0.00623638
120.8	12.91025	0.005877914
120.9	12.39554	0.006283332
121	12.04883	0.006143932
121.1	11.87248	0.006175786
121.2	11.86747	0.006398867
121.3	12.03431	0.006020264
121.4	12.37217	0.006639495
121.5	12.87963	0.005946381
121.6	13.55411	0.006860055
121.7	14.39224	0.006006905
121.8	15.38976	0.007023016
121.9	16.54149	0.006058491
122	17.84164	0.007119211
122.1	19.28336	0.00617964
122.2	20.85945	0.007122817
122.3	22.56157	0.006343577
122.4	24.38124	0.007104468
122.5	26.30888	0.006522784
122.6	28.33484	0.006970747
122.7	30.4485	0.006756885
122.8	32.63927	0.006826933
122.9	34.89573	0.006932308
123	37.20652	0.006734029
123.1	39.55972	0.007111405
123.2	41.94344	0.006653932
123.3	44.34548	0.007249058
123.4	46.75367	0.006618671
123.5	49.15575	0.007371336
123.6	51.53956	0.006598047
123.7	53.89304	0.007420043
123.8	56.20424	0.006592611
123.9	58.46152	0.007446723
124	60.65343	0.006574551
124.1	62.76897	0.007449761
124.2	64.79746	0.006658916
124.3	66.72868	0.007386661
124.4	68.55292	0.006705136
124.5	70.26102	0.007273189
124.6	71.84445	0.006752266
124.7	73.2952	0.007173832
124.8	74.60603	0.006803726
124.9	75.77029	0.00703937
125	76.78223	0.006845646
125.1	77.63663	0.006956381
125.2	78.32939	0.006912779
125.3	78.85688	0.006914457
125.4	79.21656	0.006959958
125.5	79.40649	0.00684324
125.6	79.42574	0.006996342
125.7	79.27422	0.006819688
125.8	78.95255	0.006972547
125.9	78.46226	0.006794149
126	77.80578	0.006976294
126.1	76.98624	0.006763775
126.2	76.00771	0.006945602
126.3	74.87492	0.006750583
126.4	73.59341	0.006889309
126.5	72.16944	0.006753897
126.6	70.60998	0.006796346
126.7	68.92263	0.006749479
126.8	67.11564	0.006743767
126.9	65.19781	0.006745417
127	63.1785	0.006645585
127.1	61.06756	0.00675806
127.2	58.87534	0.006545843
127.3	56.61247	0.006736076
127.4	54.29003	0.006456507
127.5	51.91927	0.006756453
127.6	49.51182	0.006373897
127.7	47.07936	0.006738193
127.8	44.63377	0.006310374
127.9	42.18692	0.006758281
128	39.75075	0.006249766
128.1	37.33708	0.006719219
128.2	34.95768	0.0062081
128.3	32.62411	0.006694753
128.4	30.34772	0.006190363
128.5	28.1396	0.006613811
128.6	26.01044	0.006181544
128.7	23.97063	0.006599281
128.8	22.03001	0.006180013
128.9	20.19811	0.006491554
129	18.48371	0.006169174
129.1	16.89527	0.006392995
129.2	15.44037	0.006164975
129.3	14.12623	0.006264609
129.4	12.95906	0.006169389
129.5	11.94473	0.006107132
129.6	11.08795	0.006186105
129.7	10.39311	0.005994574
129.8	9.863372	0.006219468
129.9	9.501535	0.005863285
130	9.309158	0.006257224
130.1	9.287393	0.005728959
130.2	9.43616	0.006322055
130.3	9.754961	0.005612946
130.4	10.2421	0.006311823
130.5	10.89537	0.005561176
130.6	11.71152	0.006337508
130.7	12.6867	0.005519077
130.8	13.81616	0.006352825
130.9	15.09449	0.005480348
131	16.5155	0.006351263
131.1	18.07235	0.005451659
131.2	19.75753	0.006353131
131.3	21.56287	0.005472047
131.4	23.47973	0.006299383
131.5	25.49877	0.005474392
131.6	27.61034	0.006260782
131.7	29.80415	0.005486292
131.8	32.06973	0.006198705
131.9	34.39602	0.005505303
132	36.7719	0.006134054
132.1	39.18578	0.005555165
132.2	41.62613	0.006055661
132.3	44.08107	0.005590422
132.4	46.53881	0.005991048
132.5	48.98748	0.005595393
132.6	51.41528	0.005922451
132.7	53.81044	0.005602876
132.8	56.16146	0.005861726
132.9	58.45696	0.005667473
133	60.68587	0.00576393
133.1	62.83746	0.005702906
133.2	64.9013	0.005757015
133.3	66.86749	0.005737084
133.4	68.72654	0.005726072
133.5	70.46945	0.005750896
133.6	72.08779	0.005688112
133.7	73.57384	0.005782278
133.8	74.92038	0.005640664
133.9	76.12093	0.005779189
134	77.16971	0.005617189
134.1	78.06165	0.005761987
134.2	78.79245	0.005623174
134.3	79.3586	0.005743928
134.4	79.75736	0.005598798
134.5	79.98683	0.005722087
134.6	80.0459	0.005610635
134.7	79.93427	0.005686908
134.8	79.65247	0.00555994
134.9	79.20187	0.005636311
135	78.58464	0.005572691
135.1	77.80373	0.005581241
135.2	76.86293	0.005585782
135.3	75.76677	0.005523566
135.4	74.52047	0.00554577
135.5	73.13007	0.00545003
135.6	71.60219	0.005605096
135.7	69.94421	0.005330467
135.8	68.16411	0.00562764
135.9	66.27047	0.005289264
136	64.27237	0.005590746
136.1	62.17944	0.005202343
136.2	60.00164	0.005617136
136.3	57.74955	0.00512308
136.4	55.43391	0.005610775
136.5	53.06593	0.005085539
136.6	50.65688	0.005611642
136.7	48.21843	0.005054737
136.8	45.76221	0.005609885
136.9	43.3001	0.005005488
137	40.84385	0.005603738
137.1	38.40531	0.004951066
137.2	35.99614	0.005568359
137.3	33.62794	0.004923048
137.4	31.31208	0.005557138
137.5	29.05967	0.004895962
137.6	26.88155	0.005485314
137.7	24.78814	0.004932712
137.8	22.78956	0.005483561
137.9	20.89531	0.004917556
138	19.11459	0.005403262
138.1	17.45585	0.004902571
138.2	15.92717	0.005362963
138.3	14.53577	0.00491545
138.4	13.28848	0.005261269
138.5	12.19112	0.004942835
138.6	11.24917	0.005157989
138.7	10.46692	0.004966349
138.8	9.84837	0.005072542
138.9	9.396248	0.005002301
139	9.112995	0.00499085
139.1	8.999713	0.005021185
139.2	9.057215	0.004914822
139.3	9.284974	0.005053596
139.4	9.682164	0.004794893
139.5	10.24663	0.005111968
139.6	10.97591	0.004700365
139.7	11.8663	0.005162871
139.8	12.91372	0.004643066
139.9	14.11297	0.00519418
140	15.45846	0.004586088
140.1	16.94359	0.005236038
140.2	18.56136	0.004535834
140.3	20.30392	0.005301242
140.4	22.16297	0.004533104
140.5	24.12953	0.005311321
140.6	26.19421	0.004528718
140.7	28.34707	0.005356081
140.8	30.57779	0.004501373
140.9	32.87566	0.005371626
141	35.22963	0.004500919
141.1	37.62842	0.005411821
141.2	40.06051	0.004509664
141.3	42.51424	0.005412444
141.4	44.97778	0.004521695
141.5	47.43935	0.005406847
141.6	49.88708	0.004527223
141.7	52.30928	0.005367511
141.8	54.69426	0.004536497
141.9	57.03061	0.005351237
142	59.30709	0.004565613
142.1	61.51278	0.005260272
142.2	63.63708	0.004641411
142.3	65.66982	0.005266456
142.4	67.60122	0.00466159
142.5	69.42197	0.005193562
142.6	71.12346	0.004689509
142.7	72.69741	0.005136234
142.8	74.13632	0.004734735
142.9	75.4332	0.005050664
143	76.58188	0.004747316
143.1	77.57687	0.004958516
143.2	78.41342	0.00480699
143.3	79.08746	0.004911829
143.4	79.59583	0.004834186
143.5	79.93599	0.004876021
143.6	80.10644	0.004863437
143.7	80.10621	0.004838934
143.8	79.93544	0.004885069
143.9	79.59484	0.004809959
144	79.08615	0.004905335
144.1	78.41171	0.004786995
144.2	77.57485	0.00491723
144.3	76.57951	0.004770986
144.4	75.43054	0.004904739
144.5	74.13337	0.004763653
144.6	72.69428	0.004915204
144.7	71.12012	0.004722783
144.8	69.41849	0.004884936
144.9	67.59751	0.004772273
145	65.66593	0.004871043
145.1	63.63301	0.004734971
145.2	61.50845	0.004831189
145.3	59.30244	0.004765646
145.4	57.02556	0.004760842
145.5	54.68872	0.004758027
145.6	52.30313	0.004724496
145.7	49.88022	0.004775465
145.8	47.43158	0.004652868
145.9	44.96893	0.004785054
146	42.5041	0.004565275
146.1	40.04886	0.004787607
146.2	37.61501	0.004501679
146.3	35.21416	0.004796049
146.4	32.85785	0.004425579
146.5	30.55735	0.004805091
146.6	28.32368	0.004334453
146.7	26.16754	0.004828622
146.8	24.09927	0.00433794
146.9	22.12875	0.004849171
147	20.26543	0.004285544
147.1	18.51826	0.004869903
147.2	16.89555	0.004257475
147.3	15.40516	0.004864703
147.4	14.05415	0.0042388
147.5	12.84909	0.00485497
147.6	11.79564	0.00421067
147.7	10.89898	0.00483891
147.8	10.16327	0.00422786
147.9	9.592175	0.004820091
148	9.18827	0.004248049
148.1	8.953691	0.004796012
148.2	8.889351	0.004260986
148.3	8.995801	0.004764871
148.4	9.272289	0.0042816
148.5	9.717752	0.004718007
148.6	10.32979	0.004315593
148.7	11.10575	0.004668743
148.8	12.04165	0.004376323
148.9	13.13328	0.004607609
149	14.37514	0.004407924
149.1	15.76154	0.004542052
149.2	17.28561	0.004470017
149.3	18.94027	0.00447575
149.4	20.71737	0.004548836
149.5	22.60861	0.004428187
149.6	24.60473	0.004598287
149.7	26.69634	0.0043495
149.8	28.87326	0.004679147
149.9	31.12519	0.004279586
150	33.44122	0.004732719
150.1	35.81034	0.004240195
150.2	38.22113	0.004824799
150.3	40.66209	0.004199627
150.4	43.12148	0.004877551
150.5	45.58751	0.004169968
150.6	48.04838	0.004931595
150.7	50.49226	0.004156036
150.8	52.90746	0.004951397
150.9	55.28238	0.004154892
151	57.60567	0.005007138
151.1	59.86616	0.004118985
151.2	62.05304	0.005025426
151.3	64.15578	0.004162532
151.4	66.1643	0.00507308
151.5	68.06905	0.00416223
151.6	69.86081	0.005053735
151.7	71.53107	0.004185765
151.8	73.07182	0.005043077
151.9	74.47565	0.004189048
152	75.7358	0.005022146
152.1	76.84631	0.004191247
152.2	77.80176	0.004991497
152.3	78.59766	0.004204085
152.4	79.23027	0.1887789
